2 6 0 1e-07 1 0 1
2 10 0 0.00126186 0.998738 0 1
2 11 0 0.905473 0.0945272 0 1
2 20 0 1e-07 1 0 1
4 8 0 0.0124648 0.987535 0 1
4 13 0 0.000415049 0.999585 0 1
4 19 0 0.0222599 0.97774 0 1
4 79 0 0.120059 0.879941 0 1
8 4 0 0.0128418 0.987158 0 1
8 13 1 1
8 23 0 0.733481 0.266519 0 1
10 2 0 0.00132185 0.998678 0 1
10 8 0 0.911888 0.0881121 1 0
10 79 0 0.929066 0.0709335 1 0
13 4 0 0.000438205 0.999562 0 1
13 8 0 2.56116e-05 0.999974 0 1
13 23 0 0.00699205 0.993008 0 1
19 31 0 0.07973 0.92027 0 1
20 2 0 1e-07 1 0 1
20 3 1 1
20 6 0 1e-07 1 0 1
20 50 0 0.0585206 0.941479 0 1
21 53 0 0.843378 0.156622 0 1
21 84 0 0.598582 0.401418 0 1
23 13 0 0.00691831 0.993082 0 1
26 56 0 0.892354 0.107646 0 1
31 19 0 0.08048 0.91952 0 1
32 57 0 2.0481e-05 0.99998 0 1
53 21 0 0.841894 0.158106 0 1
53 84 1 1
56 25 0 0.945154 0.0548459 1 0
56 26 0 0.892255 0.107745 0 1
57 15 0 0.944066 0.0559344 1 0
57 32 0 2.04548e-05 0.99998 0 1
64 49 0 0.00227382 0.997726 0 1
79 4 0 0.122713 0.877287 0 1
84 3 0 0.925129 0.0748715 1 0
84 21 0 0.598582 0.401418 0 1
84 53 0 0.55573 0.44427 0 1
89 78 1 1
89 79 0 0.932025 0.0679752 1 2.27975e-10
90 91 0 0.219359 0.780641 2.22045e-16 1
2 3 0 0.301339 0.698661 0 1
2 4 0 0.927551 0.0724486 1 0
2 8 0 0.00637889 0.993621 0 1
2 13 0 0.931981 0.0680187 1 0
2 15 0 0.943707 0.0562929 1 0
2 19 0 0.944164 0.0558358 1 0
2 21 0 0.00150688 0.998493 0 1
2 23 1 0
2 25 0 0.941063 0.0589375 1 0
2 26 0 0.31788 0.68212 0 1
2 31 0 0.94368 0.0563198 1 0
2 32 0 0.938551 0.0614485 1 0
2 49 0 0.944462 0.0555376 1 0
2 50 0 0.0338879 0.966112 0.635515 0.364485
2 53 0 0.938287 0.0617129 1 0
2 56 0 0.942494 0.0575056 1 0
2 57 0 0.942137 0.0578628 1 0
2 64 1 0
2 72 0 0.941485 0.0585148 1 0
2 78 0 0.944756 0.0552444 1 0
2 79 0 0.942177 0.057823 1 0
2 84 0 0.683194 0.316806 1 1.92757e-12
2 89 0 0.925224 0.074776 1 0
2 90 0 1.09856e-06 0.999999 0 1
2 91 0 0.825933 0.174067 1 0
3 2 0 0.301339 0.698661 0 1
3 4 0 0.931549 0.0684509 1 0
3 6 1 0
3 8 0 0.933932 0.0660676 1 0
3 10 0 0.932217 0.0677832 1 0
3 11 0 0.945017 0.0549833 1 0
3 13 0 0.938339 0.0616611 1 0
3 15 0 0.938872 0.0611283 1 0
3 19 0 0.934506 0.0654939 1 0
3 20 0 0.2799 0.7201 0 1
3 21 0 0.427655 0.572345 0 1
3 23 0 0.942703 0.0572974 1 0
3 25 1 0
3 26 0 0.275394 0.724606 0.99862 0.00138017
3 31 0 0.71125 0.28875 0 1
3 32 0 0.938487 0.0615126 1 0
3 49 0 0.93846 0.0615402 1 0
3 50 0 0.700617 0.299383 0 1
3 53 0 0.942507 0.0574932 1 0
3 56 0 0.941334 0.0586658 1 0
3 57 0 0.939012 0.0609885 1 0
3 64 0 0.870908 0.129092 1 2.49201e-12
3 72 1 0
3 78 0 0.939539 0.0604615 1 0
3 79 0 0.94291 0.0570904 1 0
3 84 0 0.925028 0.0749721 1 0
3 89 0 0.931583 0.068417 1 0
3 90 0 0.0855071 0.914493 0 1
3 91 0 0.739852 0.260148 0.999153 0.00084731
4 2 0 0.927551 0.0724486 1 0
4 3 0 0.931549 0.0684509 1 0
4 6 0 0.936257 0.0637429 1 0
4 10 1 0
4 11 0 0.944818 0.0551824 1 0
4 15 0 0.938014 0.0619858 1 0
4 20 0 0.93589 0.06411 1 0
4 21 0 0.935874 0.0641255 1.31003e-06 0.999999
4 23 0 0.929374 0.0706255 1 0
4 25 0 0.943467 0.0565334 1 0
4 26 0 0.904668 0.0953321 1 0
4 31 0 0.918209 0.0817914 1 0
4 32 0 0.938882 0.0611178 1 0
4 49 1 0
4 50 0 0.938458 0.061542 1 0
4 53 0 0.937733 0.0622672 1 0
4 56 0 0.942474 0.0575263 1 0
4 57 0 0.940891 0.0591087 0 1
4 64 0 0.922721 0.0772795 0 1
4 72 0 0.942346 0.057654 1 0
4 78 0 0.943988 0.0560121 1 0
4 84 0 0.940806 0.0591945 1 0
4 89 0 0.19954 0.80046 0 1
4 90 1 0
4 91 0 0.833364 0.166636 4.44089e-16 1
6 2 0 1e-07 1 0 1
6 3 0 0.195553 0.804447 0 1
6 4 0 0.936257 0.0637429 1 0
6 8 0 0.874092 0.125908 1 2.75535e-09
6 10 0 0.931513 0.0684869 1 0
6 11 0 0.936049 0.0639506 0 1
6 13 0 0.944724 0.0552757 1 0
6 15 0 0.942234 0.0577661 1 0
6 19 1 0
6 20 0 1e-07 1 0 1
6 21 0 0.0211267 0.978873 0 1
6 23 0 0.917942 0.0820578 1 0
6 25 0 0.944035 0.0559654 1 0
6 26 0 0.180217 0.819783 0 1
6 31 0 0.944066 0.0559344 1 0
6 32 0 0.94218 0.0578202 1 0
6 49 0 0.94283 0.0571703 1 0
6 50 0 0.0143644 0.985636 0 1
6 53 1 0
6 56 0 0.942426 0.0575742 1 0
6 57 0 0.937836 0.0621641 1 0
6 64 0 0.94122 0.0587797 1 0
6 72 0 0.944582 0.0554184 1 0
6 78 0 0.94497 0.0550298 1 0
6 79 0 0.939773 0.0602269 1 0
6 84 0 0.759456 0.240544 1 6.48319e-11
6 89 0 0.938201 0.0617991 1 0
6 90 0 0.000782908 0.999217 0 1
6 91 1 0
8 2 0 0.00637889 0.993621 0 1
8 3 0 0.933932 0.0660676 1 0
8 6 0 0.874092 0.125908 1 2.75535e-09
8 10 0 0.911888 0.0881121 1 0
8 11 0 0.945124 0.0548764 1 0
8 15 0 0.945154 0.0548459 1 0
8 19 0 0.677804 0.322196 1 0
8 20 0 0.941767 0.058233 1 0
8 21 0 0.929351 0.0706488 1 9.8604e-10
8 25 1 0
8 26 0 0.927081 0.0729194 1 0
8 31 0 0.745378 0.254622 1 0
8 32 0 0.944566 0.0554338 1 0
8 49 0 0.944612 0.0553876 1 0
8 50 0 0.945124 0.0548764 1 0
8 53 0 0.944081 0.0559189 1 0
8 56 0 0.945154 0.0548459 1 0
8 57 0 0.945108 0.0548917 1 0
8 64 0 0.944597 0.055403 1 0
8 72 1 0
8 78 0 0.928589 0.071411 1 0
8 79 0 0.942595 0.0574052 1 0
8 84 0 0.944628 0.0553722 1 0
8 89 0 0.941021 0.0589792 1 0
8 90 0 0.768346 0.231654 1 0
8 91 0 0.944735 0.0552647 1 0
10 3 0 0.932217 0.0677832 1 0
10 4 0 0.859991 0.140009 0 1
10 6 0 0.931513 0.0684869 1 0
10 11 1 0
10 13 0 0.265923 0.734077 1 3.57492e-14
10 15 0 0.940989 0.0590112 1 0
10 19 0 0.929609 0.070391 1 0
10 20 0 0.925734 0.0742663 1 0
10 21 0 0.907489 0.0925107 1 0
10 23 0 0.208116 0.791884 1 5.9952e-13
10 25 0 0.9355 0.0644996 1 0
10 26 0 0.921059 0.0789412 1 0
10 31 0 0.932916 0.0670843 1 0
10 32 1 0
10 49 0 0.936958 0.063042 1 0
10 50 0 0.926893 0.0731073 1 0
10 53 0 0.935817 0.0641832 1 0
10 56 0 0.941842 0.0581578 1 0
10 57 0 0.937209 0.0627905 1 0
10 64 0 0.93851 0.0614902 1 0
10 72 0 0.945154 0.0548459 1 0
10 78 0 0.94302 0.0569803 1 0
10 84 0 0.938618 0.0613824 1 0
10 89 1 0
10 90 0 0.939048 0.0609521 1 0
10 91 0 0.938538 0.0614621 1 0
11 2 0 0.905829 0.0941705 0 1
11 3 0 0.945017 0.0549833 1 0
11 4 0 0.944818 0.0551824 1 0
11 6 0 0.936302 0.0636982 0 1
11 8 0 0.945124 0.0548764 1 0
11 10 0 0.945139 0.0548612 1 0
11 13 0 0.945032 0.054968 1 0
11 15 1 0
11 19 0 0.943942 0.0560579 1 0
11 20 0 0.945078 0.0549222 1 0
11 21 0 0.94235 0.0576501 1 0
11 23 0 0.944571 0.0554287 1 0
11 25 0 0.945154 0.0548459 1 0
11 26 0 0.945108 0.0548917 1 0
11 31 0 0.945139 0.0548612 1 0
11 32 0 0.944955 0.0550451 1 0
11 49 0 0.945032 0.054968 1 0
11 50 1 0
11 53 0 0.945154 0.0548459 1 0
11 56 0 0.945154 0.0548459 1 0
11 57 0 0.945108 0.0548917 1 0
11 64 0 0.945154 0.0548459 1 0
11 72 0 0.945124 0.0548764 1 0
11 78 0 0.945139 0.0548612 1 0
11 79 0 0.944664 0.0553362 1 0
11 84 0 0.945154 0.0548459 1 0
11 89 0 0.944741 0.0552593 1 0
11 90 1 0
11 91 0 0.945032 0.054968 1 0
13 2 0 0.931981 0.0680187 1 0
13 3 0 0.938339 0.0616611 1 0
13 6 0 0.944724 0.0552757 1 0
13 10 0 0.265923 0.734077 1 3.57492e-14
13 11 0 0.945032 0.054968 1 0
13 15 0 0.944066 0.0559344 1 0
13 19 0 0.928247 0.0717533 1 0
13 20 0 0.938848 0.0611516 1 0
13 21 1 0
13 25 0 0.933255 0.066745 1 0
13 26 0 0.945108 0.0548917 1 0
13 31 0 0.938786 0.0612145 1 0
13 32 0 0.939013 0.0609873 1 0
13 49 0 0.943561 0.0564394 1 0
13 50 0 0.942442 0.0575582 1 0
13 53 0 0.936678 0.0633216 1 0
13 56 0 0.945154 0.0548459 1 0
13 57 0 0.940013 0.059987 1 0
13 64 1 0
13 72 0 0.941891 0.0581095 1 0
13 78 0 0.945032 0.054968 1 0
13 79 0 0.940656 0.0593442 1 0
13 84 0 0.940756 0.0592437 1 0
13 89 0 0.919701 0.0802985 1 0
13 90 0 0.940156 0.0598435 1 0
13 91 0 0.94494 0.0550598 1 0
15 2 0 0.943707 0.0562929 1 0
15 3 0 0.938872 0.0611283 1 0
15 4 1 0
15 6 0 0.942234 0.0577661 1 0
15 8 0 0.945154 0.0548459 1 0
15 10 0 0.940989 0.0590112 1 0
15 11 0 0.944633 0.055367 1 0
15 13 0 0.944066 0.0559344 1 0
15 19 0 0.944578 0.055422 1 0
15 20 0 0.941891 0.0581095 1 0
15 21 0 0.936878 0.0631225 1 0
15 23 0 0.943894 0.0561055 1 0
15 25 1 0
15 26 0 0.944474 0.0555262 1 0
15 31 0 0.944597 0.055403 1 0
15 32 0 0.943894 0.0561055 1 0
15 49 0 0.941064 0.058936 1 0
15 50 0 0.941907 0.0580934 1 0
15 53 0 0.941334 0.0586658 1 0
15 56 0 0.944084 0.0559164 1 0
15 57 0 0.944066 0.0559344 1 0
15 64 0 0.93719 0.0628096 1 0
15 72 1 0
15 78 0 0.945154 0.0548459 1 0
15 79 0 0.940007 0.0599928 1 0
15 84 0 0.941367 0.0586333 1 0
15 89 0 0.944226 0.0557738 1 0
15 90 0 0.942135 0.0578653 1 0
15 91 0 0.944582 0.0554184 1 0
19 2 0 0.944164 0.0558358 1 0
19 3 0 0.934506 0.0654939 1 0
19 4 0 0.0223325 0.977667 0 1
19 6 1 0
19 8 0 0.677804 0.322196 1 0
19 10 0 0.929609 0.070391 1 0
19 11 0 0.943942 0.0560579 1 0
19 13 0 0.928247 0.0717533 1 0
19 15 0 0.944578 0.055422 1 0
19 20 0 0.943564 0.0564355 1 0
19 21 0 0.942751 0.0572488 1 0
19 23 0 0.937799 0.062201 1 0
19 25 0 0.0664279 0.933572 0.594863 0.405137
19 26 1 0
19 32 0 0.943634 0.0563664 1 0
19 49 0 0.9376 0.0623997 1 0
19 50 0 0.944035 0.0559654 1 0
19 53 0 0.944628 0.0553722 1 0
19 56 0 0.944612 0.0553876 1 0
19 57 0 0.942239 0.0577608 0.999988 1.18756e-05
19 64 0 0.934678 0.0653222 0.999948 5.15804e-05
19 72 0 0.886014 0.113986 1 0
19 78 0 0.868282 0.131718 1 0
19 79 1 0
19 84 0 0.944628 0.0553722 1 0
19 89 0 0.926185 0.073815 0 1
19 90 0 0.941891 0.0581095 1 0
19 91 0 0.943445 0.0565548 1 0
20 4 0 0.93589 0.06411 1 0
20 8 0 0.941767 0.058233 1 0
20 10 0 0.925734 0.0742663 1 0
20 11 0 0.945078 0.0549222 1 0
20 13 0 0.938848 0.0611516 1 0
20 15 1 0
20 19 0 0.943564 0.0564355 1 0
20 21 0 0.0914322 0.908568 0 1
20 23 0 0.934388 0.0656119 1 0
20 25 0 0.941031 0.0589687 1 0
20 26 0 0.83751 0.16249 1 0
20 31 0 0.944288 0.0557118 1 0
20 32 0 0.823353 0.176647 1 0
20 49 0 0.940677 0.0593225 1 0
20 53 0 0.937863 0.0621367 1 0
20 56 1 0
20 57 0 0.827511 0.172489 0 1
20 64 0 0.942701 0.0572992 1 0
20 72 0 0.943545 0.056455 1 0
20 78 0 0.944985 0.0550145 1 0
20 79 0 0.94168 0.0583204 1 0
20 84 0 0.710679 0.289321 1 0
20 89 0 0.903488 0.0965117 1 0
20 90 0 0.000287373 0.999713 0 1
20 91 0 0.855076 0.144924 1 0
21 2 1 0
21 3 0 0.427655 0.572345 0 1
21 4 0 0.935874 0.0641255 1.31003e-06 0.999999
21 6 0 0.0211267 0.978873 0 1
21 8 0 0.929351 0.0706488 1 9.8604e-10
21 10 0 0.907489 0.0925107 1 0
21 11 0 0.94235 0.0576501 1 0
21 13 0 0.859833 0.140167 1 0
21 15 0 0.936878 0.0631225 1 0
21 19 0 0.942751 0.0572488 1 0
21 20 1 0
21 23 0 0.93171 0.0682897 1 0
21 25 0 0.941858 0.0581417 1 0
21 26 0 0.163337 0.836663 1 2.76065e-08
21 31 0 0.942935 0.057065 1 0
21 32 0 0.9392 0.0608 1 0
21 49 0 0.936923 0.063077 1 0
21 50 0 0.103251 0.896749 0 1
21 56 0 0.940173 0.059827 1 0
21 57 0 0.932983 0.067017 1 0
21 64 1 0
21 72 0 0.942427 0.057573 1 0
21 78 0 0.944505 0.0554954 1 0
21 79 0 0.941555 0.0584451 1 0
21 89 0 0.917075 0.0829254 1 0
21 90 0 0.000549381 0.999451 0 1
21 91 0 0.665546 0.334454 0.856214 0.143786
23 2 0 0.89849 0.10151 1 0
23 3 0 0.942703 0.0572974 1 0
23 4 0 0.929374 0.0706255 1 0
23 6 1 0
23 8 0 0.72718 0.27282 0 1
23 10 0 0.208116 0.791884 1 5.9952e-13
23 11 0 0.944571 0.0554287 1 0
23 15 0 0.943894 0.0561055 1 0
23 19 0 0.937799 0.062201 1 0
23 20 0 0.934388 0.0656119 1 0
23 21 0 0.93171 0.0682897 1 0
23 25 0 0.942909 0.0570911 1 0
23 26 0 0.944489 0.0555108 1 0
23 31 1 0
23 32 0 0.934508 0.0654919 1 0
23 49 0 0.943894 0.0561055 1 0
23 50 0 0.931483 0.0685167 1 0
23 53 0 0.938973 0.061027 1 0
23 56 0 0.944474 0.0555257 1 0
23 57 0 0.941486 0.0585136 1 0
23 64 0 0.943221 0.0567786 1 0
23 72 0 0.935518 0.0644818 1 0
23 78 0 0.945124 0.0548764 1 0
23 79 1 0
23 84 0 0.943451 0.0565491 1 0
23 89 0 0.924865 0.0751355 1 0
23 90 0 0.939272 0.0607277 1 0
23 91 0 0.943848 0.0561523 1 0
25 2 0 0.941063 0.0589375 1 0
25 3 0 0.927885 0.0721153 1 0
25 4 0 0.943467 0.0565334 1 0
25 6 0 0.944035 0.0559654 1 0
25 8 0 0.0887922 0.911208 1 6.70774e-08
25 10 1 0
25 11 0 0.945154 0.0548459 1 0
25 13 0 0.933255 0.066745 1 0
25 15 0 0.945124 0.0548764 1 0
25 19 0 0.0664279 0.933572 0.594863 0.405137
25 20 0 0.941031 0.0589687 1 0
25 21 0 0.941858 0.0581417 1 0
25 23 0 0.942909 0.0570911 1 0
25 26 0 0.945154 0.0548459 1 0
25 31 0 0.133991 0.866009 0.999593 0.000407123
25 32 1 0
25 49 0 0.945139 0.0548612 1 0
25 50 0 0.943498 0.056502 1 0
25 53 0 0.945154 0.0548459 1 0
25 56 0 0.945154 0.0548459 1 0
25 57 0 0.943561 0.0564394 1 0
25 64 0 0.942956 0.0570436 1 0
25 72 0 0.439362 0.560638 1 2.22045e-16
25 78 0 0.143939 0.856061 0 1
25 79 0 0.945139 0.0548612 1 0
25 84 1 0
25 89 0 0.944612 0.0553876 1 0
25 90 0 0.941384 0.0586161 1 0
25 91 0 0.944612 0.0553876 1 0
26 2 0 0.318177 0.681823 0 1
26 3 0 0.275394 0.724606 0.99862 0.00138017
26 4 0 0.904668 0.0953321 1 0
26 6 0 0.178799 0.821201 0 1
26 8 0 0.927081 0.0729194 1 0
26 10 0 0.921059 0.0789412 1 0
26 11 1 0
26 13 0 0.945108 0.0548917 1 0
26 15 0 0.944474 0.0555262 1 0
26 19 0 0.945108 0.0548917 1 0
26 20 0 0.83751 0.16249 1 0
26 21 0 0.163337 0.836663 1 2.76065e-08
26 23 0 0.944489 0.0555108 1 0
26 25 0 0.945154 0.0548459 1 0
26 31 0 0.945139 0.0548612 1 0
26 32 0 0.944489 0.0555108 1 0
26 49 1 0
26 50 0 0.899849 0.100151 1 0
26 53 0 0.945154 0.0548459 1 0
26 57 0 0.94302 0.0569803 1 0
26 64 0 0.945154 0.0548459 1 0
26 72 0 0.939815 0.0601847 1 0
26 78 0 0.945154 0.0548459 1 0
26 79 0 0.939538 0.0604622 1 0
26 84 0 0.932389 0.0676109 1 0
26 89 0 0.934254 0.0657455 1 0
26 90 1 0
26 91 0 0.936469 0.0635309 1 0
31 2 0 0.94368 0.0563198 1 0
31 3 0 0.71155 0.28845 0 1
31 4 0 0.918209 0.0817914 1 0
31 6 0 0.944066 0.0559344 1 0
31 8 0 0.745378 0.254622 1 0
31 10 0 0.932916 0.0670843 1 0
31 11 0 0.945139 0.0548612 1 0
31 13 0 0.938786 0.0612145 1 0
31 15 1 0
31 20 0 0.944288 0.0557118 1 0
31 21 0 0.942935 0.057065 1 0
31 23 0 0.940724 0.0592765 1 0
31 25 0 0.133991 0.866009 0.999593 0.000407123
31 26 0 0.945139 0.0548612 1 0
31 32 0 0.819631 0.180369 0 1
31 49 0 0.945093 0.0549069 1 0
31 50 0 0.944019 0.055981 1 0
31 53 0 0.945154 0.0548459 1 0
31 56 1 0
31 57 0 0.944894 0.0551057 1 0
31 64 0 0.910019 0.0899813 0 1
31 72 0 0.851865 0.148135 1 0
31 78 0 0.929348 0.0706523 0 1
31 79 0 0.941432 0.0585682 1 0
31 84 0 0.945063 0.0549375 1 0
31 89 0 0.917754 0.082246 1 0
31 90 0 0.940557 0.0594427 1 0
31 91 0 0.943777 0.0562234 1 0
32 2 1 0
32 3 0 0.938487 0.0615126 1 0
32 4 0 0.938882 0.0611178 1 0
32 6 0 0.94218 0.0578202 1 0
32 8 0 0.944566 0.0554338 1 0
32 10 0 0.916627 0.0833731 1 0
32 11 0 0.944955 0.0550451 1 0
32 13 0 0.939013 0.0609873 1 0
32 15 0 0.943894 0.0561055 1 0
32 19 0 0.943634 0.0563664 1 0
32 20 1 0
32 21 0 0.9392 0.0608 1 0
32 23 0 0.934508 0.0654919 1 0
32 25 0 0.94194 0.0580603 1 0
32 26 0 0.944489 0.0555108 1 0
32 31 0 0.819631 0.180369 0 1
32 49 0 0.94208 0.0579202 1 0
32 50 0 0.943482 0.0565177 1 0
32 53 0 0.925334 0.0746659 1 0
32 56 0 0.944097 0.0559033 1 0
32 64 1 0
32 72 0 0.945154 0.0548459 1 0
32 78 0 0.944845 0.0551547 1 0
32 79 0 0.934096 0.0659035 1 0
32 84 0 0.943561 0.0564394 1 0
32 89 0 0.933683 0.0663171 1 0
32 90 0 0.936625 0.0633748 1 0
32 91 0 0.931186 0.0688135 1 0
49 2 0 0.944462 0.0555376 1 0
49 3 0 0.93846 0.0615402 1 0
49 4 1 0
49 6 0 0.94283 0.0571703 1 0
49 8 0 0.944612 0.0553876 1 0
49 10 0 0.936958 0.063042 1 0
49 11 0 0.945032 0.054968 1 0
49 13 0 0.943561 0.0564394 1 0
49 15 0 0.941064 0.058936 1 0
49 19 0 0.9376 0.0623997 1 0
49 20 0 0.940677 0.0593225 1 0
49 21 0 0.936923 0.063077 1 0
49 23 1 0
49 25 0 0.945139 0.0548612 1 0
49 26 0 0.94474 0.0552604 1 0
49 31 0 0.945093 0.0549069 1 0
49 32 0 0.94208 0.0579202 1 0
49 50 0 0.941403 0.0585965 1 0
49 53 0 0.943823 0.0561771 1 0
49 56 0 0.878311 0.121689 1 0
49 57 0 0.941577 0.0584226 1 0
49 64 0 0.00227705 0.997723 0 1
49 72 1 0
49 78 0 0.945139 0.0548612 1 0
49 79 0 0.099781 0.900219 0 1
49 84 0 0.945154 0.0548459 1 0
49 89 0 0.938872 0.0611278 1 0
49 90 0 0.942283 0.057717 1 0
49 91 0 0.00374177 0.996258 0 1
50 2 0 0.0338884 0.966112 0.636377 0.363623
50 3 0 0.695072 0.304928 0 1
50 4 0 0.938458 0.061542 1 0
50 6 1 0
50 8 0 0.945124 0.0548764 1 0
50 10 0 0.926893 0.0731073 1 0
50 11 0 0.945154 0.0548459 1 0
50 13 0 0.942442 0.0575582 1 0
50 15 0 0.941907 0.0580934 1 0
50 19 0 0.944035 0.0559654 1 0
50 20 0 0.0585944 0.941406 0 1
50 21 0 0.103251 0.896749 0 1
50 23 0 0.931483 0.0685167 1 0
50 25 1 0
50 26 0 0.899849 0.100151 1 0
50 31 0 0.944019 0.055981 1 0
50 32 0 0.943482 0.0565177 1 0
50 49 0 0.941403 0.0585965 1 0
50 53 0 0.94302 0.0569803 1 0
50 56 0 0.942474 0.0575263 1 0
50 57 0 0.944019 0.055981 1 0
50 64 0 0.944035 0.0559654 1 0
50 72 0 0.944019 0.055981 1 0
50 78 1 0
50 79 0 0.941367 0.0586333 1 0
50 84 0 0.347543 0.652457 1 1.55431e-15
50 89 0 0.928011 0.0719885 1 0
50 90 0 0.771421 0.228579 1 0
50 91 0 0.926229 0.073771 1 0
53 2 0 0.938287 0.0617129 1 0
53 3 0 0.942507 0.0574932 1 0
53 4 0 0.937733 0.0622672 1 0
53 6 0 0.943498 0.056502 1 0
53 8 1 0
53 10 0 0.935817 0.0641832 1 0
53 11 0 0.945154 0.0548459 1 0
53 13 0 0.936678 0.0633216 1 0
53 15 0 0.941334 0.0586658 1 0
53 19 0 0.944628 0.0553722 1 0
53 20 0 0.937863 0.0621367 1 0
53 23 0 0.938973 0.061027 1 0
53 25 0 0.945154 0.0548459 1 0
53 26 0 0.945154 0.0548459 1 0
53 31 1 0
53 32 0 0.925334 0.0746659 1 0
53 49 0 0.943823 0.0561771 1 0
53 50 0 0.94302 0.0569803 1 0
53 56 0 0.944097 0.0559033 1 0
53 57 0 0.931711 0.0682886 1 0
53 64 0 0.944341 0.055659 1 0
53 72 0 0.945154 0.0548459 1 0
53 78 0 0.945154 0.0548459 1 0
53 79 0 0.945139 0.0548612 1 0
53 89 1 0
53 90 0 0.940707 0.0592929 1 0
53 91 0 0.943561 0.0564394 1 0
56 2 0 0.942494 0.0575056 1 0
56 3 0 0.941334 0.0586658 1 0
56 4 0 0.942474 0.0575263 1 0
56 6 0 0.942426 0.0575742 1 0
56 8 0 0.945154 0.0548459 1 0
56 10 0 0.941842 0.0581578 1 0
56 11 0 0.945154 0.0548459 1 0
56 13 1 0
56 15 0 0.944084 0.0559164 1 0
56 19 0 0.944612 0.0553876 1 0
56 20 0 0.943004 0.0569961 1 0
56 21 0 0.940173 0.059827 1 0
56 23 0 0.944474 0.0555257 1 0
56 31 0 0.945154 0.0548459 1 0
56 32 0 0.944097 0.0559033 1 0
56 49 0 0.878311 0.121689 1 0
56 50 0 0.942474 0.0575263 1 0
56 53 1 0
56 57 0 0.943561 0.0564394 1 0
56 64 0 0.938356 0.0616441 1 0
56 72 0 0.945154 0.0548459 1 0
56 78 0 0.944628 0.0553722 1 0
56 79 0 0.869951 0.130049 1 0
56 84 0 0.941367 0.0586333 1 0
56 89 0 0.944081 0.0559189 1 0
56 90 0 0.941907 0.0580934 1 0
56 91 0 0.938458 0.061542 1 0
57 2 1 0
57 3 0 0.939012 0.0609885 1 0
57 4 0 0.940891 0.0591087 0 1
57 6 0 0.937836 0.0621641 1 0
57 8 0 0.945108 0.0548917 1 0
57 10 0 0.937209 0.0627905 1 0
57 11 0 0.945108 0.0548917 1 0
57 13 0 0.940013 0.059987 1 0
57 19 0 0.942239 0.0577608 0.999988 1.18756e-05
57 20 0 0.827511 0.172489 0 1
57 21 1 0
57 23 0 0.941486 0.0585136 1 0
57 25 0 0.943561 0.0564394 1 0
57 26 0 0.94302 0.0569803 1 0
57 31 0 0.944894 0.0551057 1 0
57 49 0 0.941577 0.0584226 1 0
57 50 0 0.944019 0.055981 1 0
57 53 0 0.931711 0.0682886 1 0
57 56 0 0.943561 0.0564394 1 0
57 64 0 0.93919 0.06081 0 1
57 72 1 0
57 78 0 0.945154 0.0548459 1 0
57 79 0 0.939336 0.0606639 1 0
57 84 0 0.94249 0.0575096 1 0
57 89 0 0.941171 0.0588292 1 0
57 90 0 0.935991 0.0640091 1 0
57 91 0 0.939522 0.0604784 1 0
64 2 0 0.940474 0.0595255 1 0
64 3 0 0.870908 0.129092 1 2.49201e-12
64 4 0 0.922721 0.0772795 0 1
64 6 1 0
64 8 0 0.944597 0.055403 1 0
64 10 0 0.93851 0.0614902 1 0
64 11 0 0.945154 0.0548459 1 0
64 13 0 0.93914 0.0608601 1 0
64 15 0 0.93719 0.0628096 1 0
64 19 0 0.934678 0.0653222 0.999948 5.15804e-05
64 20 0 0.942701 0.0572992 1 0
64 21 0 0.941973 0.0580267 1 0
64 23 0 0.943221 0.0567786 1 0
64 25 1 0
64 26 0 0.945154 0.0548459 1 0
64 31 0 0.910019 0.0899813 0 1
64 32 0 0.938761 0.0612386 1 0
64 50 0 0.944035 0.0559654 1 0
64 53 0 0.944341 0.055659 1 0
64 56 0 0.938356 0.0616441 1 0
64 57 0 0.93919 0.06081 0 1
64 72 0 0.944612 0.0553876 1 0
64 78 0 0.944969 0.055031 1 0
64 79 1 0
64 84 0 0.945154 0.0548459 1 0
64 89 0 0.936288 0.0637116 1 0
64 90 0 0.938945 0.0610551 1 0
64 91 0 0.25077 0.74923 0 1
72 2 0 0.941485 0.0585148 1 0
72 3 0 0.929157 0.0708428 0.423714 0.576286
72 4 0 0.942346 0.057654 1 0
72 6 0 0.944582 0.0554184 1 0
72 8 0 0.904957 0.0950426 1 0
72 10 1 0
72 11 0 0.945124 0.0548764 1 0
72 13 0 0.941891 0.0581095 1 0
72 15 0 0.945139 0.0548612 1 0
72 19 0 0.886014 0.113986 1 0
72 20 0 0.943545 0.056455 1 0
72 21 0 0.942427 0.057573 1 0
72 23 0 0.935518 0.0644818 1 0
72 25 0 0.439362 0.560638 1 2.22045e-16
72 26 0 0.939815 0.0601847 1 0
72 31 1 0
72 32 0 0.945154 0.0548459 1 0
72 49 0 0.945139 0.0548612 1 0
72 50 0 0.944019 0.055981 1 0
72 53 0 0.945154 0.0548459 1 0
72 56 0 0.945154 0.0548459 1 0
72 57 0 0.945078 0.0549222 1 0
72 64 0 0.944612 0.0553876 1 0
72 78 0 0.830265 0.169735 1 0
72 79 0 0.945154 0.0548459 1 0
72 84 1 0
72 89 0 0.945124 0.0548764 1 0
72 90 0 0.94405 0.0559499 1 0
72 91 0 0.72873 0.27127 0 1
78 2 0 0.944756 0.0552444 1 0
78 3 0 0.939539 0.0604615 1 0
78 4 0 0.943988 0.0560121 1 0
78 6 0 0.94497 0.0550298 1 0
78 8 0 0.928589 0.071411 1 0
78 10 0 0.94302 0.0569803 1 0
78 11 1 0
78 13 0 0.945032 0.054968 1 0
78 15 0 0.945154 0.0548459 1 0
78 19 0 0.868282 0.131718 1 0
78 20 0 0.944985 0.0550145 1 0
78 21 0 0.944505 0.0554954 1 0
78 23 0 0.945124 0.0548764 1 0
78 25 0 0.143939 0.856061 0 1
78 26 0 0.945154 0.0548459 1 0
78 31 0 0.929348 0.0706523 0 1
78 32 1 0
78 49 0 0.945139 0.0548612 1 0
78 50 0 0.945093 0.0549069 1 0
78 53 0 0.945154 0.0548459 1 0
78 56 0 0.944628 0.0553722 1 0
78 57 0 0.945154 0.0548459 1 0
78 64 0 0.944969 0.055031 1 0
78 72 0 0.830265 0.169735 1 0
78 79 0 0.944535 0.0554646 1 0
78 84 0 0.944971 0.0550292 1 0
78 89 1 0
78 90 0 0.944066 0.0559344 1 0
78 91 0 0.945154 0.0548459 1 0
79 2 0 0.942177 0.057823 1 0
79 3 0 0.94291 0.0570904 1 0
79 6 0 0.939773 0.0602269 1 0
79 8 0 0.942595 0.0574052 1 0
79 10 0 0.929066 0.0709335 1 0
79 11 0 0.944664 0.0553362 1 0
79 13 0 0.940656 0.0593442 1 0
79 15 1 0
79 19 0 0.939074 0.0609257 1 0
79 20 0 0.94168 0.0583204 1 0
79 21 0 0.941555 0.0584451 1 0
79 23 0 0.94251 0.0574897 1 0
79 25 0 0.945139 0.0548612 1 0
79 26 0 0.939538 0.0604622 1 0
79 31 0 0.941432 0.0585682 1 0
79 32 0 0.934096 0.0659035 1 0
79 49 0 0.099781 0.900219 0 1
79 50 1 0
79 53 0 0.945139 0.0548612 1 0
79 56 0 0.869951 0.130049 1 0
79 57 0 0.939336 0.0606639 1 0
79 64 0 0.862356 0.137644 2.45088e-08 1
79 72 0 0.945154 0.0548459 1 0
79 78 0 0.944535 0.0554646 1 0
79 84 0 0.945154 0.0548459 1 0
79 89 0 0.931832 0.068168 1 8.16805e-10
79 90 0 0.943277 0.0567234 1 0
79 91 1 0
84 2 0 0.683194 0.316806 1 1.92757e-12
84 4 0 0.940806 0.0591945 1 0
84 6 0 0.759456 0.240544 1 6.48319e-11
84 8 0 0.944628 0.0553722 1 0
84 10 0 0.938618 0.0613824 1 0
84 11 0 0.945154 0.0548459 1 0
84 13 0 0.940756 0.0592437 1 0
84 15 0 0.941367 0.0586333 1 0
84 19 0 0.944628 0.0553722 1 0
84 20 1 0
84 23 0 0.943451 0.0565491 1 0
84 25 0 0.945139 0.0548612 1 0
84 26 0 0.932389 0.0676109 1 0
84 31 0 0.945063 0.0549375 1 0
84 32 0 0.943561 0.0564394 1 0
84 49 0 0.945154 0.0548459 1 0
84 50 0 0.347543 0.652457 1 1.55431e-15
84 56 0 0.941367 0.0586333 1 0
84 57 0 0.94249 0.0575096 1 0
84 64 1 0
84 72 0 0.945139 0.0548612 1 0
84 78 0 0.944971 0.0550292 1 0
84 79 0 0.945154 0.0548459 1 0
84 89 0 0.938492 0.061508 1 0
84 90 0 0.864314 0.135686 1 0
84 91 0 0.934193 0.065807 1 0
89 2 0 0.925224 0.074776 1 0
89 3 0 0.931583 0.068417 1 0
89 4 0 0.19954 0.80046 0 1
89 6 1 0
89 8 0 0.941021 0.0589792 1 0
89 10 0 0.930885 0.0691151 1 0
89 11 0 0.944741 0.0552593 1 0
89 13 0 0.919701 0.0802985 1 0
89 15 0 0.944226 0.0557738 1 0
89 19 0 0.926185 0.073815 0 1
89 20 0 0.903488 0.0965117 1 0
89 21 0 0.917075 0.0829254 1 0
89 23 0 0.924865 0.0751355 1 0
89 25 1 0
89 26 0 0.934254 0.0657455 1 0
89 31 0 0.917754 0.082246 1 0
89 32 0 0.933683 0.0663171 1 0
89 49 0 0.938872 0.0611278 1 0
89 50 0 0.928011 0.0719885 1 0
89 53 0 0.944597 0.055403 1 0
89 56 0 0.944081 0.0559189 1 0
89 57 0 0.941171 0.0588292 1 0
89 64 0 0.936288 0.0637116 1 0
89 72 1 0
89 84 0 0.938492 0.061508 1 0
89 90 0 0.864012 0.135988 1 1.33227e-15
89 91 0 0.491905 0.508095 0 1
90 2 0 1.08528e-06 0.999999 0 1
90 3 0 0.0855071 0.914493 0 1
90 4 0 0.942667 0.0573329 1 0
90 6 0 0.000782908 0.999217 0 1
90 8 0 0.768346 0.231654 1 0
90 10 0 0.939048 0.0609521 1 0
90 11 1 0
90 13 0 0.940156 0.0598435 1 0
90 15 0 0.942135 0.0578653 1 0
90 19 0 0.941891 0.0581095 1 0
90 20 0 0.000287373 0.999713 0 1
90 21 0 0.000549381 0.999451 0 1
90 23 0 0.939272 0.0607277 1 0
90 25 0 0.941384 0.0586161 1 0
90 26 0 0.124158 0.875842 0.999963 3.6801e-05
90 31 0 0.940557 0.0594427 1 0
90 32 1 0
90 49 0 0.942283 0.057717 1 0
90 50 0 0.771421 0.228579 1 0
90 53 0 0.940707 0.0592929 1 0
90 56 0 0.941907 0.0580934 1 0
90 57 0 0.935991 0.0640091 1 0
90 64 0 0.938945 0.0610551 1 0
90 72 0 0.94405 0.0559499 1 0
90 78 0 0.944066 0.0559344 1 0
90 79 0 0.943277 0.0567234 1 0
90 84 1 0
90 89 0 0.864012 0.135988 1 1.33227e-15
91 2 0 0.825933 0.174067 1 0
91 3 0 0.739852 0.260148 0.999153 0.00084731
91 4 0 0.833364 0.166636 4.44089e-16 1
91 6 0 0.895927 0.104073 1 0
91 8 0 0.944735 0.0552647 1 0
91 10 0 0.938538 0.0614621 1 0
91 11 0 0.945032 0.054968 1 0
91 13 0 0.94494 0.0550598 1 0
91 15 1 0
91 19 0 0.943445 0.0565548 1 0
91 20 0 0.855076 0.144924 1 0
91 21 0 0.665546 0.334454 0.856214 0.143786
91 23 0 0.943848 0.0561523 1 0
91 25 0 0.944612 0.0553876 1 0
91 26 0 0.936469 0.0635309 1 0
91 31 0 0.943777 0.0562234 1 0
91 32 0 0.931186 0.0688135 1 0
91 49 0 0.00374177 0.996258 0 1
91 50 1 0
91 53 0 0.943561 0.0564394 1 0
91 56 0 0.938458 0.061542 1 0
91 57 0 0.939522 0.0604784 1 0
91 64 0 0.25077 0.74923 0 1
91 72 0 0.72873 0.27127 0 1
91 78 0 0.945154 0.0548459 1 0
91 79 0 0.939729 0.0602707 1 0
91 84 0 0.934193 0.065807 1 0
91 89 0 0.491905 0.508095 0 1
91 90 1 0
