2 6 1 1
2 10 0 0.00320178 0.996798 0 1
2 11 0 0.961677 0.0383232 1 3.72289e-07
2 20 0 1e-07 1 0 1
4 8 0 0.0440178 0.955982 0 1
4 13 0 0.00155473 0.998445 0 1
4 19 0 0.0613385 0.938662 0 1
4 79 0 0.222073 0.777927 0 1
8 4 0 0.0434741 0.956526 0 1
8 13 0 7.95386e-05 0.99992 0 1
8 23 1 1
10 2 0 0.00310637 0.996894 0 1
10 8 0 0.954792 0.0452077 1 3.64197e-10
10 79 0 0.966887 0.0331132 1 2.35778e-10
13 4 0 0.00169294 0.998307 0 1
13 8 0 8.45852e-05 0.999915 0 1
13 23 0 0.00166234 0.998338 0 1
19 31 0 0.059644 0.940356 0 1
20 2 0 1e-07 1 0 1
20 3 0 0.427329 0.572671 0 1
20 6 1 1
20 50 0 0.0219924 0.978008 7.3519e-13 1
21 53 0 0.926362 0.0736375 0.999933 6.68681e-05
21 84 0 0.636813 0.363187 0.990613 0.00938663
23 13 0 0.00169295 0.998307 0 1
26 56 0 0.954092 0.0459079 1 5.73421e-08
31 19 0 0.0589175 0.941083 0 1
32 57 0 2.00023e-06 0.999998 0 1
53 21 0 0.926929 0.0730712 0.999922 7.76229e-05
53 84 0 0.800517 0.199483 0 1
56 25 1 1
56 26 0 0.95518 0.0448197 0.858401 0.141599
57 15 0 0.976388 0.023612 1 1.7987e-10
57 32 0 2.00207e-06 0.999998 0 1
64 49 0 0.00177209 0.998228 0 1
79 4 0 0.223777 0.776223 0 1
84 3 0 0.964625 0.0353749 1 2.55661e-10
84 21 0 0.636813 0.363187 0.990613 0.00938663
84 53 0 0.789557 0.210443 0 1
89 78 0 0.972392 0.0276082 1 1.29262e-09
89 79 1 1
90 91 0 0.156878 0.843122 0.00993446 0.990066
2 3 0 0.375466 0.624534 0 1
2 4 0 0.968687 0.0313132 1 3.13554e-10
2 8 0 0.00662774 0.993372 0 1
2 13 0 0.969786 0.0302141 1 2.27277e-10
2 15 0 0.976199 0.0238009 1 1.81386e-10
2 19 0 0.976481 0.0235195 1 1.80694e-10
2 21 0 0.000353644 0.999646 0 1
2 23 0 0.946473 0.0535275 1 9.41946e-10
2 25 1 0
2 26 0 0.277256 0.722744 0.0329785 0.967022
2 31 0 0.976226 0.0237739 1 1.8453e-10
2 32 0 0.97348 0.0265203 1 2.00238e-10
2 49 0 0.976716 0.0232842 1 1.79944e-10
2 50 0 0.00928856 0.990711 0 1
2 53 0 0.972863 0.0271366 1 1.95561e-10
2 56 0 0.975514 0.0244863 1 1.83719e-10
2 57 0 0.975261 0.0247392 1 1.84394e-10
2 64 0 0.974436 0.0255639 1 1.91815e-10
2 72 1 0
2 78 0 0.97685 0.0231501 1 1.78674e-10
2 79 0 0.9757 0.0243 1 1.97679e-10
2 84 0 0.72684 0.27316 0.999988 1.21376e-05
2 89 0 0.964488 0.0355123 1 2.65799e-10
2 90 0 2.04003e-07 1 0 1
2 91 0 0.883999 0.116001 1 3.03308e-08
3 2 0 0.375466 0.624534 0 1
3 4 0 0.968757 0.0312432 1 2.27812e-10
3 6 0 0.165748 0.834252 0.000359761 0.99964
3 8 1 0
3 10 0 0.96939 0.0306102 1 2.16702e-10
3 11 0 0.976967 0.0230328 1 1.78025e-10
3 13 0 0.97287 0.0271304 1 1.95767e-10
3 15 0 0.973208 0.0267917 1 1.9406e-10
3 19 0 0.970462 0.0295384 1 2.10028e-10
3 20 0 0.42386 0.57614 0 1
3 21 0 0.464931 0.535069 0.99302 0.0069804
3 23 0 0.975584 0.024416 1 1.83472e-10
3 25 0 0.967272 0.0327279 1 2.4089e-10
3 26 1 0
3 31 0 0.821109 0.178891 0 1
3 32 0 0.973304 0.0266963 1 2.02951e-10
3 49 0 0.973031 0.026969 1 1.97291e-10
3 50 0 0.801092 0.198908 0.999998 1.51342e-06
3 53 0 0.97564 0.0243597 1 1.83345e-10
3 56 0 0.974724 0.0252761 1 1.86622e-10
3 57 0 0.973521 0.026479 1 1.96975e-10
3 64 0 0.931066 0.068934 1 2.98673e-09
3 72 0 0.970208 0.0297916 1 1.19593e-09
3 78 1 0
3 79 0 0.975795 0.0242054 1 1.82419e-10
3 84 0 0.964686 0.0353138 1 2.54912e-10
3 89 0 0.970151 0.0298493 1 2.40085e-10
3 90 0 0.0588056 0.941194 2.09843e-12 1
3 91 0 0.815781 0.184219 1 3.88068e-08
4 2 0 0.968687 0.0313132 1 3.13554e-10
4 3 0 0.968757 0.0312432 1 2.27812e-10
4 6 0 0.972887 0.0271134 1 2.13199e-10
4 10 0 0.92699 0.0730096 1 2.58515e-09
4 11 1 0
4 15 0 0.972691 0.0273091 1 1.97348e-10
4 20 0 0.972592 0.0274084 1 2.12776e-10
4 21 0 0.971941 0.0280592 1 2.66797e-10
4 23 0 0.967172 0.0328277 1 2.33579e-10
4 25 0 0.976031 0.0239691 1 1.81272e-10
4 26 0 0.949319 0.0506809 1 4.48953e-10
4 31 0 0.961288 0.0387122 1 2.94009e-10
4 32 0 0.973701 0.026299 1 2.10554e-10
4 49 0 0.972225 0.0277753 1 2.00049e-10
4 50 1 0
4 53 0 0.972489 0.0275113 1 1.97828e-10
4 56 0 0.97542 0.02458 1 1.83611e-10
4 57 0 0.975024 0.0249764 1 2.85665e-10
4 64 0 0.965805 0.0341954 1 1.06702e-09
4 72 0 0.975352 0.0246482 1 1.84011e-10
4 78 0 0.976347 0.0236529 1 1.80119e-10
4 84 0 0.974395 0.0256049 1 1.88107e-10
4 89 0 0.175067 0.824933 7.73487e-06 0.999992
4 90 0 0.975598 0.0244024 1 1.83727e-10
4 91 1 0
6 2 0 1e-07 1 0 1
6 3 0 0.16621 0.83379 0.000362795 0.999637
6 4 0 0.972887 0.0271134 1 2.13199e-10
6 8 0 0.935731 0.0642688 0.999994 6.42295e-06
6 10 0 0.970993 0.0290073 1 2.73789e-10
6 11 0 0.973352 0.0266477 1 2.88829e-10
6 13 0 0.976853 0.0231473 1 1.78683e-10
6 15 0 0.975292 0.024708 1 1.84456e-10
6 19 0 0.976603 0.0233975 1 1.79471e-10
6 20 1 0
6 21 0 0.00741019 0.99259 0 1
6 23 0 0.959218 0.0407822 1 3.09698e-10
6 25 0 0.976372 0.0236283 1 1.79964e-10
6 26 0 0.109839 0.890161 0.000241116 0.999759
6 31 0 0.976388 0.023612 1 1.7987e-10
6 32 0 0.975499 0.0245008 1 1.88722e-10
6 49 0 0.975652 0.0243484 1 1.82902e-10
6 50 0 0.00343845 0.996562 0 1
6 53 0 0.976047 0.0239525 1 1.8117e-10
6 56 1 0
6 57 0 0.972546 0.0274544 1 1.9746e-10
6 64 0 0.974663 0.0253374 1 1.86997e-10
6 72 0 0.9767 0.0233004 1 1.78781e-10
6 78 0 0.976962 0.023038 1 1.77849e-10
6 79 0 0.973834 0.0261657 1 1.90937e-10
6 84 0 0.814484 0.185516 0.999989 1.09581e-05
6 89 0 0.973157 0.0268433 1 2.09377e-10
6 90 0 0.000109354 0.999891 0 1
6 91 0 0.9429 0.0571002 1 5.84959e-10
8 2 1 0
8 3 0 0.970741 0.0292592 1 2.71384e-10
8 6 0 0.935731 0.0642688 0.999994 6.42295e-06
8 10 0 0.954792 0.0452077 1 3.64197e-10
8 11 0 0.977023 0.022977 1 1.77669e-10
8 15 0 0.977039 0.022961 1 1.77582e-10
8 19 0 0.712392 0.287608 0.999999 5.05809e-07
8 20 0 0.975043 0.0249574 1 1.87266e-10
8 21 0 0.967729 0.032271 1 3.03131e-10
8 25 0 0.037717 0.962283 3.9625e-10 1
8 26 1 0
8 31 0 0.792567 0.207433 1 6.54246e-08
8 32 0 0.976692 0.0233085 1 1.78829e-10
8 49 0 0.976716 0.0232843 1 1.78691e-10
8 50 0 0.977023 0.022977 1 1.77669e-10
8 53 0 0.976396 0.0236038 1 1.79826e-10
8 56 0 0.977039 0.022961 1 1.77582e-10
8 57 0 0.977015 0.0229849 1 1.77714e-10
8 64 0 0.976708 0.0232923 1 1.78735e-10
8 72 0 0.950103 0.0498966 1 5.42018e-10
8 78 1 0
8 79 0 0.975598 0.0244016 1 1.84493e-10
8 84 0 0.976724 0.0232762 1 1.78648e-10
8 89 0 0.974589 0.0254111 1 1.87979e-10
8 90 0 0.824405 0.175595 1 2.19234e-08
8 91 0 0.976866 0.0231336 1 1.79587e-10
10 3 0 0.96939 0.0306102 1 2.16702e-10
10 4 0 0.927853 0.0721468 1 1.27231e-08
10 6 0 0.970993 0.0290073 1 2.73789e-10
10 11 0 0.977031 0.022969 1 1.77625e-10
10 13 1 0
10 15 0 0.974567 0.0254331 1 1.89471e-10
10 19 0 0.967204 0.0327961 1 2.32776e-10
10 20 0 0.967305 0.032695 1 2.82955e-10
10 21 0 0.954145 0.045855 1 3.79565e-10
10 23 0 0.124499 0.875501 0.000622616 0.999377
10 25 0 0.971052 0.0289479 1 2.0613e-10
10 26 0 0.961351 0.0386488 1 2.85686e-10
10 31 0 0.969384 0.0306156 1 2.16894e-10
10 32 0 0.958343 0.0416571 1 3.18229e-10
10 49 1 0
10 50 0 0.966368 0.0336323 1 2.85193e-10
10 53 0 0.971322 0.0286778 1 2.04674e-10
10 56 0 0.97504 0.0249602 1 1.85272e-10
10 57 0 0.972266 0.0277337 1 1.98766e-10
10 64 0 0.973185 0.0268147 1 1.96027e-10
10 72 0 0.977039 0.022961 1 1.77582e-10
10 78 0 0.975753 0.0242475 1 1.82263e-10
10 84 0 0.973069 0.026931 1 1.95325e-10
10 89 0 0.968604 0.0313963 1 2.27107e-10
10 90 1 0
10 91 0 0.973072 0.0269283 1 1.98822e-10
11 2 0 0.961555 0.0384445 1 3.71173e-07
11 3 0 0.976967 0.0230328 1 1.78025e-10
11 4 0 0.976863 0.0231368 1 1.78917e-10
11 6 0 0.973252 0.0267484 1 2.82909e-10
11 8 0 0.977023 0.022977 1 1.77669e-10
11 10 0 0.977031 0.022969 1 1.77625e-10
11 13 0 0.976975 0.0230248 1 1.77969e-10
11 15 0 0.976767 0.0232333 1 1.80008e-10
11 19 1 0
11 20 0 0.976999 0.0230009 1 1.77811e-10
11 21 0 0.975457 0.0245429 1 1.84539e-10
11 23 0 0.976734 0.0232656 1 1.8043e-10
11 25 0 0.977039 0.022961 1 1.77582e-10
11 26 0 0.977015 0.0229849 1 1.77714e-10
11 31 0 0.977031 0.022969 1 1.77625e-10
11 32 0 0.976954 0.023046 1 1.77896e-10
11 49 0 0.976975 0.0230248 1 1.77969e-10
11 50 0 0.977039 0.022961 1 1.77582e-10
11 53 1 0
11 56 0 0.977039 0.022961 1 1.77582e-10
11 57 0 0.977015 0.0229849 1 1.77714e-10
11 64 0 0.977039 0.022961 1 1.77582e-10
11 72 0 0.977023 0.022977 1 1.77669e-10
11 78 0 0.977031 0.022969 1 1.77625e-10
11 79 0 0.976783 0.0232172 1 1.79808e-10
11 84 0 0.977039 0.022961 1 1.77582e-10
11 89 0 0.976823 0.023177 1 1.7934e-10
11 90 0 0.972318 0.0276822 1 2.11064e-10
11 91 1 0
13 2 0 0.969786 0.0302141 1 2.27277e-10
13 3 0 0.97287 0.0271304 1 1.95767e-10
13 6 0 0.976853 0.0231473 1 1.78683e-10
13 10 0 0.179628 0.820372 0.0380119 0.961988
13 11 0 0.976975 0.0230248 1 1.77969e-10
13 15 0 0.976388 0.023612 1 1.7987e-10
13 19 0 0.967967 0.0320328 1 2.45786e-10
13 20 0 0.973288 0.0267123 1 2.0009e-10
13 21 0 0.912199 0.087801 1 1.82449e-09
13 25 1 0
13 26 0 0.977015 0.0229849 1 1.77714e-10
13 31 0 0.974142 0.0258579 1 2.01984e-10
13 32 0 0.973353 0.0266468 1 1.93835e-10
13 49 0 0.976081 0.0239194 1 1.80987e-10
13 50 0 0.975403 0.0245971 1 1.837e-10
13 53 0 0.971809 0.0281915 1 2.01605e-10
13 56 0 0.977039 0.022961 1 1.77582e-10
13 57 0 0.973966 0.0260337 1 1.92375e-10
13 64 0 0.974329 0.0256708 1 2.00319e-10
13 72 1 0
13 78 0 0.976975 0.0230248 1 1.77969e-10
13 79 0 0.975151 0.0248486 1 1.9508e-10
13 84 0 0.974369 0.0256314 1 1.88246e-10
13 89 0 0.963639 0.0363612 1 3.32231e-10
13 90 0 0.973999 0.0260006 1 1.90005e-10
13 91 0 0.976927 0.0230727 1 1.78333e-10
15 2 0 0.976199 0.0238009 1 1.81386e-10
15 3 0 0.973208 0.0267917 1 1.9406e-10
15 4 0 0.972691 0.0273091 1 1.97348e-10
15 6 1 0
15 8 0 0.977039 0.022961 1 1.77582e-10
15 10 0 0.974567 0.0254331 1 1.89471e-10
15 11 0 0.976767 0.0232333 1 1.80008e-10
15 13 0 0.976388 0.023612 1 1.7987e-10
15 19 0 0.976773 0.0232268 1 1.79597e-10
15 20 0 0.975066 0.0249343 1 1.85123e-10
15 21 0 0.971967 0.0280326 1 2.01158e-10
15 23 0 0.976298 0.0237021 1 1.80477e-10
15 25 0 0.977023 0.022977 1 1.77669e-10
15 26 1 0
15 31 0 0.976708 0.0232923 1 1.78735e-10
15 32 0 0.976298 0.0237021 1 1.80477e-10
15 49 0 0.974725 0.0252748 1 1.90478e-10
15 50 0 0.975074 0.0249257 1 1.85078e-10
15 53 0 0.974724 0.0252761 1 1.86622e-10
15 56 0 0.97651 0.0234903 1 1.84148e-10
15 57 0 0.976388 0.023612 1 1.7987e-10
15 64 0 0.972141 0.0278589 1 1.99719e-10
15 72 0 0.977031 0.022969 1 1.77625e-10
15 78 1 0
15 79 0 0.973918 0.0260816 1 1.90563e-10
15 84 0 0.974741 0.0252587 1 1.86531e-10
15 89 0 0.976513 0.0234869 1 1.80328e-10
15 90 0 0.975267 0.0247328 1 1.86407e-10
15 91 0 0.9767 0.0233004 1 1.78781e-10
19 2 0 0.976481 0.0235195 1 1.80694e-10
19 3 0 0.970462 0.0295384 1 2.10028e-10
19 4 0 0.0597076 0.940292 0 1
19 6 0 0.976603 0.0233975 1 1.79471e-10
19 8 1 0
19 10 0 0.967204 0.0327961 1 2.32776e-10
19 11 0 0.976483 0.0235171 1 1.83757e-10
19 13 0 0.967967 0.0320328 1 2.45786e-10
19 15 0 0.976773 0.0232268 1 1.79597e-10
19 20 0 0.97614 0.0238603 1 1.81976e-10
19 21 0 0.975911 0.0240887 1 1.83781e-10
19 23 0 0.972715 0.0272849 1 1.98765e-10
19 25 0 0.0265912 0.973409 5.973e-13 1
19 26 0 0.977015 0.0229849 1 1.77714e-10
19 32 1 0
19 49 0 0.973081 0.0269191 1 5.09003e-10
19 50 0 0.976372 0.0236283 1 1.79964e-10
19 53 0 0.976724 0.0232762 1 1.78648e-10
19 56 0 0.976716 0.0232843 1 1.78691e-10
19 57 0 0.975632 0.0243683 1 2.15907e-10
19 64 0 0.972142 0.027858 1 2.62641e-10
19 72 0 0.935102 0.0648977 1 9.11759e-10
19 78 0 0.924081 0.0759195 1 3.6714e-09
19 79 0 0.974188 0.0258122 1 1.98249e-10
19 84 1 0
19 89 0 0.968214 0.0317865 1 2.27537e-09
19 90 0 0.975066 0.0249343 1 1.85123e-10
19 91 0 0.976229 0.023771 1 1.86041e-10
20 4 0 0.972592 0.0274084 1 2.12776e-10
20 8 0 0.975043 0.0249574 1 1.87266e-10
20 10 0 0.967305 0.032695 1 2.82955e-10
20 11 0 0.976999 0.0230009 1 1.77811e-10
20 13 0 0.973288 0.0267123 1 2.0009e-10
20 15 0 0.975066 0.0249343 1 1.85123e-10
20 19 1 0
20 21 0 0.0618831 0.938117 0 1
20 23 0 0.970572 0.0294279 1 2.21475e-10
20 25 0 0.974599 0.0254006 1 1.87544e-10
20 26 0 0.89639 0.10361 1 4.04157e-09
20 31 0 0.976546 0.0234543 1 1.79991e-10
20 32 0 0.886273 0.113727 1 1.14069e-08
20 49 0 0.974429 0.0255708 1 1.88633e-10
20 53 0 0.97271 0.0272897 1 1.97869e-10
20 56 0 0.975744 0.0242559 1 1.82306e-10
20 57 1 0
20 64 0 0.975599 0.0244007 1 1.83433e-10
20 72 0 0.976072 0.0239276 1 1.81031e-10
20 78 0 0.97697 0.02303 1 1.77803e-10
20 79 0 0.975179 0.0248209 1 1.88566e-10
20 84 0 0.746928 0.253072 1 2.42874e-07
20 89 0 0.950185 0.0498154 1 4.18291e-10
20 90 0 6.72998e-05 0.999933 0 1
20 91 0 0.909778 0.0902221 1 2.13395e-09
21 2 0 0.000353644 0.999646 0 1
21 3 1 0
21 4 0 0.971941 0.0280592 1 2.66797e-10
21 6 0 0.00741019 0.99259 0 1
21 8 0 0.967729 0.032271 1 3.03131e-10
21 10 0 0.954145 0.045855 1 3.79565e-10
21 11 0 0.975457 0.0245429 1 1.84539e-10
21 13 0 0.912199 0.087801 1 1.82449e-09
21 15 0 0.971967 0.0280326 1 2.01158e-10
21 19 0 0.975911 0.0240887 1 1.83781e-10
21 20 0 0.0618831 0.938117 0 1
21 23 1 0
21 25 0 0.975048 0.0249516 1 1.85221e-10
21 26 0 0.0910894 0.908911 8.22541e-06 0.999992
21 31 0 0.976078 0.0239222 1 1.93425e-10
21 32 0 0.973527 0.0264731 1 1.95822e-10
21 49 0 0.972256 0.027744 1 2.16752e-10
21 50 0 0.0478376 0.952162 5.71013e-09 1
21 56 0 0.974008 0.0259916 1 1.89952e-10
21 57 0 0.969562 0.0304384 1 2.19711e-10
21 64 0 0.975186 0.0248142 1 1.85613e-10
21 72 1 0
21 78 0 0.976659 0.0233408 1 1.79037e-10
21 79 0 0.975238 0.024762 1 1.88268e-10
21 89 0 0.959781 0.0402189 1 7.85362e-10
21 90 0 8.4081e-05 0.999916 0 1
21 91 0 0.703036 0.296964 0.849685 0.150315
23 2 0 0.946473 0.0535275 1 9.41946e-10
23 3 0 0.975584 0.024416 1 1.83472e-10
23 4 0 0.967172 0.0328277 1 2.33579e-10
23 6 0 0.959218 0.0407822 1 3.09698e-10
23 8 1 0
23 10 0 0.124499 0.875501 0.000622616 0.999377
23 11 0 0.976734 0.0232656 1 1.8043e-10
23 15 0 0.976298 0.0237021 1 1.80477e-10
23 19 0 0.972715 0.0272849 1 1.98765e-10
23 20 0 0.970572 0.0294279 1 2.21475e-10
23 21 0 0.968824 0.0311758 1 2.26025e-10
23 25 0 0.975694 0.0243063 1 1.82604e-10
23 26 0 0.976651 0.0233489 1 1.79094e-10
23 31 0 0.974351 0.0256492 1 1.88349e-10
23 32 1 0
23 49 0 0.976298 0.0237021 1 1.80477e-10
23 50 0 0.968456 0.031544 1 2.23389e-10
23 53 0 0.973264 0.0267363 1 1.93675e-10
23 56 0 0.97677 0.0232302 1 1.83645e-10
23 57 0 0.974849 0.025151 1 1.86865e-10
23 64 0 0.975938 0.0240623 1 1.82018e-10
23 72 0 0.971062 0.0289379 1 2.06081e-10
23 78 0 0.977023 0.022977 1 1.77669e-10
23 79 0 0.975522 0.0244779 1 1.8365e-10
23 84 1 0
23 89 0 0.964104 0.0358956 1 2.62683e-10
23 90 0 0.974022 0.0259784 1 2.41498e-10
23 91 0 0.976273 0.0237268 1 1.8068e-10
25 2 0 0.974621 0.0253786 1 1.89921e-10
25 3 0 0.967272 0.0327279 1 2.4089e-10
25 4 0 0.976031 0.0239691 1 1.81272e-10
25 6 0 0.976372 0.0236283 1 1.79964e-10
25 8 0 0.037717 0.962283 3.9625e-10 1
25 10 0 0.971052 0.0289479 1 2.0613e-10
25 11 1 0
25 13 0 0.96963 0.03037 1 2.15382e-10
25 15 0 0.977023 0.022977 1 1.77669e-10
25 19 0 0.0265912 0.973409 5.973e-13 1
25 20 0 0.974599 0.0254006 1 1.87544e-10
25 21 0 0.975048 0.0249516 1 1.85221e-10
25 23 0 0.975694 0.0243063 1 1.82604e-10
25 26 0 0.977039 0.022961 1 1.77582e-10
25 31 0 0.0741011 0.925899 1.05853e-05 0.999989
25 32 0 0.975195 0.0248051 1 1.84662e-10
25 49 1 0
25 50 0 0.976047 0.0239525 1 1.8117e-10
25 53 0 0.977039 0.022961 1 1.77582e-10
25 56 0 0.977039 0.022961 1 1.77582e-10
25 57 0 0.976081 0.0239194 1 1.80987e-10
25 64 0 0.975719 0.0242811 1 1.82447e-10
25 72 0 0.386353 0.613647 0.996742 0.00325764
25 78 0 0.0858404 0.91416 8.68106e-12 1
25 79 0 0.977031 0.022969 1 1.77625e-10
25 84 0 0.977031 0.022969 1 1.77625e-10
25 89 1 0
25 90 0 0.974855 0.0251451 1 1.86092e-10
25 91 0 0.976716 0.0232843 1 1.78691e-10
26 2 0 0.277065 0.722935 0.0329385 0.967061
26 3 0 0.215973 0.784027 0.535489 0.464511
26 4 0 0.949319 0.0506809 1 4.48953e-10
26 6 0 0.110518 0.889482 0.000244428 0.999756
26 8 0 0.965486 0.0345138 1 2.47056e-10
26 10 0 0.961351 0.0386488 1 2.85686e-10
26 11 0 0.977015 0.0229849 1 1.77714e-10
26 13 1 0
26 15 0 0.976643 0.023357 1 1.79152e-10
26 19 0 0.977015 0.0229849 1 1.77714e-10
26 20 0 0.89639 0.10361 1 4.04157e-09
26 21 0 0.0910894 0.908911 8.22541e-06 0.999992
26 23 0 0.976651 0.0233489 1 1.79094e-10
26 25 0 0.977039 0.022961 1 1.77582e-10
26 31 0 0.977031 0.022969 1 1.77625e-10
26 32 0 0.976651 0.0233489 1 1.79094e-10
26 49 0 0.976861 0.0231393 1 1.78625e-10
26 50 1 0
26 53 0 0.977039 0.022961 1 1.77582e-10
26 57 0 0.975753 0.0242475 1 1.82263e-10
26 64 0 0.977039 0.022961 1 1.77582e-10
26 72 0 0.974728 0.0252715 1 1.98742e-10
26 78 0 0.977039 0.022961 1 1.77582e-10
26 79 0 0.97375 0.0262502 1 1.92763e-10
26 84 0 0.96903 0.0309697 1 2.19443e-10
26 89 0 0.970324 0.0296758 1 2.10766e-10
26 90 0 0.0640925 0.935907 1.53988e-06 0.999998
26 91 1 0
31 2 0 0.976226 0.0237739 1 1.8453e-10
31 3 0 0.820834 0.179166 0 1
31 4 0 0.961288 0.0387122 1 2.94009e-10
31 6 0 0.976388 0.023612 1 1.7987e-10
31 8 0 0.792567 0.207433 1 6.54246e-08
31 10 0 0.969384 0.0306156 1 2.16894e-10
31 11 0 0.977031 0.022969 1 1.77625e-10
31 13 0 0.974142 0.0258579 1 2.01984e-10
31 15 0 0.976708 0.0232923 1 1.78735e-10
31 20 1 0
31 21 0 0.976078 0.0239222 1 1.93425e-10
31 23 0 0.974351 0.0256492 1 1.88349e-10
31 25 0 0.0741011 0.925899 1.05853e-05 0.999989
31 26 0 0.977031 0.022969 1 1.77625e-10
31 32 0 0.88996 0.11004 1 6.24829e-08
31 49 0 0.977007 0.0229929 1 1.77762e-10
31 50 0 0.976363 0.0236365 1 1.80014e-10
31 53 0 0.977039 0.022961 1 1.77582e-10
31 56 0 0.977039 0.022961 1 1.77582e-10
31 57 1 0
31 64 0 0.959096 0.0409038 1 2.9058e-07
31 72 0 0.905888 0.0941124 1 3.91184e-09
31 78 0 0.96971 0.0302895 1 2.04592e-09
31 79 0 0.975396 0.0246044 1 1.89265e-10
31 84 0 0.976991 0.0230088 1 1.77862e-10
31 89 0 0.960919 0.0390812 1 2.98151e-10
31 90 0 0.974278 0.025722 1 1.89015e-10
31 91 0 0.97637 0.02363 1 1.80694e-10
32 2 0 0.97348 0.0265203 1 2.00238e-10
32 3 1 0
32 4 0 0.973701 0.026299 1 2.10554e-10
32 6 0 0.975499 0.0245008 1 1.88722e-10
32 8 0 0.976692 0.0233085 1 1.78829e-10
32 10 0 0.958343 0.0416571 1 3.18229e-10
32 11 0 0.976954 0.023046 1 1.77896e-10
32 13 0 0.973353 0.0266468 1 1.93835e-10
32 15 0 0.976298 0.0237021 1 1.80477e-10
32 19 0 0.976212 0.0237877 1 1.81347e-10
32 20 0 0.886273 0.113727 1 1.14069e-08
32 21 1 0
32 23 0 0.970443 0.0295568 1 2.1011e-10
32 25 0 0.975195 0.0248051 1 1.84662e-10
32 26 0 0.976651 0.0233489 1 1.79094e-10
32 31 0 0.88996 0.11004 1 6.24829e-08
32 49 0 0.975475 0.024525 1 1.87323e-10
32 50 0 0.976039 0.0239608 1 1.8122e-10
32 53 0 0.964644 0.0353556 1 2.51255e-10
32 56 0 0.976404 0.0235956 1 1.79783e-10
32 64 0 0.973644 0.0263557 1 2.38371e-10
32 72 1 0
32 78 0 0.976904 0.0230959 1 1.80242e-10
32 79 0 0.971484 0.0285162 1 5.56426e-10
32 84 0 0.976081 0.0239194 1 1.80987e-10
32 89 0 0.971356 0.0286443 1 2.84911e-10
32 90 0 0.972548 0.0274519 1 2.31113e-10
32 91 0 0.968673 0.031327 1 2.414e-10
49 2 0 0.976716 0.0232842 1 1.79944e-10
49 3 0 0.973031 0.026969 1 1.97291e-10
49 4 0 0.972225 0.0277753 1 2.00049e-10
49 6 1 0
49 8 0 0.976716 0.0232843 1 1.78691e-10
49 10 0 0.972708 0.0272917 1 2.03838e-10
49 11 0 0.976975 0.0230248 1 1.77969e-10
49 13 0 0.976081 0.0239194 1 1.80987e-10
49 15 0 0.974725 0.0252748 1 1.90478e-10
49 19 0 0.973081 0.0269191 1 5.09003e-10
49 20 0 0.974429 0.0255708 1 1.88633e-10
49 21 0 0.972256 0.027744 1 2.16752e-10
49 23 0 0.976298 0.0237021 1 1.80477e-10
49 25 1 0
49 26 0 0.976861 0.0231393 1 1.78625e-10
49 31 0 0.977007 0.0229929 1 1.77762e-10
49 32 0 0.975475 0.024525 1 1.87323e-10
49 50 0 0.974821 0.0251788 1 1.87115e-10
49 53 0 0.976296 0.0237038 1 1.80625e-10
49 56 0 0.927861 0.072139 1 1.02001e-09
49 57 0 0.975158 0.0248421 1 1.9817e-10
49 64 0 0.0017688 0.998231 0 1
49 72 0 0.977031 0.022969 1 1.77625e-10
49 78 1 0
49 79 0 0.0660727 0.933927 0 1
49 84 0 0.977039 0.022961 1 1.77582e-10
49 89 0 0.973447 0.0265534 1 1.93161e-10
49 90 0 0.975452 0.0245483 1 1.88577e-10
49 91 0 0.000675332 0.999325 0 1
50 2 0 0.00928733 0.990713 0 1
50 3 0 0.805015 0.194985 0.999822 0.000178325
50 4 0 0.972935 0.0270649 1 1.95361e-10
50 6 0 0.00344396 0.996556 0 1
50 8 1 0
50 10 0 0.966368 0.0336323 1 2.85193e-10
50 11 0 0.977039 0.022961 1 1.77582e-10
50 13 0 0.975403 0.0245971 1 1.837e-10
50 15 0 0.975074 0.0249257 1 1.85078e-10
50 19 0 0.976372 0.0236283 1 1.79964e-10
50 20 0 0.021987 0.978013 6.4182e-13 1
50 21 0 0.0478376 0.952162 5.71013e-09 1
50 23 0 0.968456 0.031544 1 2.23389e-10
50 25 0 0.976047 0.0239525 1 1.8117e-10
50 26 1 0
50 31 0 0.976363 0.0236365 1 1.80014e-10
50 32 0 0.976039 0.0239608 1 1.8122e-10
50 49 0 0.974821 0.0251788 1 1.87115e-10
50 53 0 0.975753 0.0242475 1 1.82263e-10
50 56 0 0.97542 0.02458 1 1.83611e-10
50 57 0 0.976363 0.0236365 1 1.80014e-10
50 64 0 0.976372 0.0236283 1 1.79964e-10
50 72 0 0.976363 0.0236365 1 1.80014e-10
50 78 0 0.977007 0.0229929 1 1.77762e-10
50 79 1 0
50 84 0 0.266462 0.733538 0.775814 0.224186
50 89 0 0.966299 0.0337006 1 2.41082e-10
50 90 0 0.820096 0.179904 1 3.17619e-08
50 91 0 0.96492 0.0350797 1 2.51682e-10
53 2 0 0.972863 0.0271366 1 1.95561e-10
53 3 0 0.97564 0.0243597 1 1.83345e-10
53 4 0 0.972489 0.0275113 1 1.97828e-10
53 6 0 0.976047 0.0239525 1 1.8117e-10
53 8 0 0.976396 0.0236038 1 1.79826e-10
53 10 1 0
53 11 0 0.977039 0.022961 1 1.77582e-10
53 13 0 0.971809 0.0281915 1 2.01605e-10
53 15 0 0.974724 0.0252761 1 1.86622e-10
53 19 0 0.976724 0.0232762 1 1.78648e-10
53 20 0 0.97271 0.0272897 1 1.97869e-10
53 23 0 0.973264 0.0267363 1 1.93675e-10
53 25 0 0.977039 0.022961 1 1.77582e-10
53 26 0 0.977039 0.022961 1 1.77582e-10
53 31 0 0.977039 0.022961 1 1.77582e-10
53 32 1 0
53 49 0 0.976296 0.0237038 1 1.80625e-10
53 50 0 0.975753 0.0242475 1 1.82263e-10
53 56 0 0.976404 0.0235956 1 1.79783e-10
53 57 0 0.968716 0.0312837 1 2.20862e-10
53 64 0 0.976609 0.0233911 1 1.79527e-10
53 72 0 0.977039 0.022961 1 1.77582e-10
53 78 0 0.977039 0.022961 1 1.77582e-10
53 79 0 0.977031 0.022969 1 1.77625e-10
53 89 0 0.976708 0.0232923 1 1.78735e-10
53 90 1 0
53 91 0 0.976081 0.0239194 1 1.80987e-10
56 2 0 0.975514 0.0244863 1 1.83719e-10
56 3 0 0.974724 0.0252761 1 1.86622e-10
56 4 0 0.97542 0.02458 1 1.83611e-10
56 6 0 0.975394 0.0246056 1 1.83748e-10
56 8 0 0.977039 0.022961 1 1.77582e-10
56 10 0 0.97504 0.0249602 1 1.85272e-10
56 11 0 0.977039 0.022961 1 1.77582e-10
56 13 0 0.977039 0.022961 1 1.77582e-10
56 15 1 0
56 19 0 0.976716 0.0232843 1 1.78691e-10
56 20 0 0.975744 0.0242559 1 1.82306e-10
56 21 0 0.974008 0.0259916 1 1.89952e-10
56 23 0 0.97677 0.0232302 1 1.83645e-10
56 31 0 0.977039 0.022961 1 1.77582e-10
56 32 0 0.976404 0.0235956 1 1.79783e-10
56 49 0 0.927861 0.072139 1 1.02001e-09
56 50 0 0.97542 0.02458 1 1.83611e-10
56 53 0 0.976404 0.0235956 1 1.79783e-10
56 57 1 0
56 64 0 0.972879 0.0271211 1 1.95703e-10
56 72 0 0.977039 0.022961 1 1.77582e-10
56 78 0 0.976724 0.0232762 1 1.78648e-10
56 79 0 0.920624 0.0793763 1 1.3235e-09
56 84 0 0.974741 0.0252587 1 1.86531e-10
56 89 0 0.976396 0.0236038 1 1.79826e-10
56 90 0 0.975074 0.0249257 1 1.85078e-10
56 91 0 0.972935 0.0270649 1 1.95361e-10
57 2 0 0.975261 0.0247392 1 1.84394e-10
57 3 1 0
57 4 0 0.975024 0.0249764 1 2.85665e-10
57 6 0 0.972546 0.0274544 1 1.9746e-10
57 8 0 0.977015 0.0229849 1 1.77714e-10
57 10 0 0.972266 0.0277337 1 1.98766e-10
57 11 0 0.977015 0.0229849 1 1.77714e-10
57 13 0 0.973966 0.0260337 1 1.92375e-10
57 19 0 0.975632 0.0243683 1 2.15907e-10
57 20 0 0.898343 0.101657 0.999423 0.000576962
57 21 0 0.969562 0.0304384 1 2.19711e-10
57 23 1 0
57 25 0 0.976081 0.0239194 1 1.80987e-10
57 26 0 0.975753 0.0242475 1 1.82263e-10
57 31 0 0.976903 0.0230967 1 1.78539e-10
57 49 0 0.975158 0.0248421 1 1.9817e-10
57 50 0 0.976363 0.0236365 1 1.80014e-10
57 53 0 0.968716 0.0312837 1 2.20862e-10
57 56 0 0.976081 0.0239194 1 1.80987e-10
57 64 0 0.974343 0.0256568 1 6.22982e-10
57 72 0 0.976999 0.0230009 1 1.77811e-10
57 78 1 0
57 79 0 0.974446 0.0255544 1 1.989e-10
57 84 0 0.97553 0.0244696 1 1.83306e-10
57 89 0 0.974657 0.0253432 1 1.86811e-10
57 90 0 0.971728 0.0282719 1 2.02171e-10
57 91 0 0.973958 0.0260416 1 1.94675e-10
64 2 0 0.974436 0.0255639 1 1.91815e-10
64 3 0 0.931066 0.068934 1 2.98673e-09
64 4 0 0.965805 0.0341954 1 1.06702e-09
64 6 0 0.974663 0.0253374 1 1.86997e-10
64 8 1 0
64 10 0 0.973185 0.0268147 1 1.96027e-10
64 11 0 0.977039 0.022961 1 1.77582e-10
64 13 0 0.974329 0.0256708 1 2.00319e-10
64 15 0 0.972141 0.0278589 1 1.99719e-10
64 19 0 0.972142 0.027858 1 2.62641e-10
64 20 0 0.975599 0.0244007 1 1.83433e-10
64 21 0 0.975186 0.0248142 1 1.85613e-10
64 23 0 0.975938 0.0240623 1 1.82018e-10
64 25 0 0.975719 0.0242811 1 1.82447e-10
64 26 1 0
64 31 0 0.959096 0.0409038 1 2.9058e-07
64 32 0 0.973644 0.0263557 1 2.38371e-10
64 50 0 0.976372 0.0236283 1 1.79964e-10
64 53 0 0.976609 0.0233911 1 1.79527e-10
64 56 0 0.972879 0.0271211 1 1.95703e-10
64 57 0 0.974343 0.0256568 1 6.22982e-10
64 72 0 0.976716 0.0232843 1 1.78691e-10
64 78 0 0.976958 0.0230423 1 1.78292e-10
64 79 0 0.930422 0.0695784 0.995506 0.00449379
64 84 1 0
64 89 0 0.972571 0.0274292 1 2.04308e-10
64 90 0 0.9736 0.0264003 1 1.98987e-10
64 91 0 0.225024 0.774976 0 1
72 2 0 0.97489 0.0251102 1 1.8612e-10
72 3 0 0.97019 0.0298103 1 1.18275e-09
72 4 0 0.975352 0.0246482 1 1.84011e-10
72 6 0 0.9767 0.0233004 1 1.78781e-10
72 8 0 0.950103 0.0498966 1 5.42018e-10
72 10 0 0.977039 0.022961 1 1.77582e-10
72 11 1 0
72 13 0 0.975066 0.0249343 1 1.85123e-10
72 15 0 0.977031 0.022969 1 1.77625e-10
72 19 0 0.935102 0.0648977 1 9.11759e-10
72 20 0 0.976072 0.0239276 1 1.81031e-10
72 21 0 0.975598 0.0244019 1 1.83581e-10
72 23 0 0.971062 0.0289379 1 2.06081e-10
72 25 0 0.386353 0.613647 0.996742 0.00325764
72 26 0 0.974728 0.0252715 1 1.98742e-10
72 31 0 0.905888 0.0941124 1 3.91184e-09
72 32 1 0
72 49 0 0.977031 0.022969 1 1.77625e-10
72 50 0 0.976363 0.0236365 1 1.80014e-10
72 53 0 0.977039 0.022961 1 1.77582e-10
72 56 0 0.977039 0.022961 1 1.77582e-10
72 57 0 0.976999 0.0230009 1 1.77811e-10
72 64 0 0.976716 0.0232843 1 1.78691e-10
72 78 0 0.884784 0.115216 1 6.03699e-09
72 79 0 0.977039 0.022961 1 1.77582e-10
72 84 0 0.977031 0.022969 1 1.77625e-10
72 89 1 0
72 90 0 0.97638 0.0236201 1 1.79917e-10
72 91 0 0.873396 0.126604 0 1
78 2 0 0.97685 0.0231501 1 1.78674e-10
78 3 0 0.973681 0.026319 1 1.9287e-10
78 4 0 0.976347 0.0236529 1 1.80119e-10
78 6 0 0.976962 0.023038 1 1.77849e-10
78 8 0 0.967008 0.0329921 1 3.51489e-10
78 10 0 0.975753 0.0242475 1 1.82263e-10
78 11 0 0.977031 0.022969 1 1.77625e-10
78 13 1 0
78 15 0 0.977039 0.022961 1 1.77582e-10
78 19 0 0.924081 0.0759195 1 3.6714e-09
78 20 0 0.97697 0.02303 1 1.77803e-10
78 21 0 0.976659 0.0233408 1 1.79037e-10
78 23 0 0.977023 0.022977 1 1.77669e-10
78 25 0 0.0858404 0.91416 8.68106e-12 1
78 26 0 0.977039 0.022961 1 1.77582e-10
78 31 0 0.96971 0.0302895 1 2.04592e-09
78 32 0 0.976904 0.0230959 1 1.80242e-10
78 49 1 0
78 50 0 0.977007 0.0229929 1 1.77762e-10
78 53 0 0.977039 0.022961 1 1.77582e-10
78 56 0 0.976724 0.0232762 1 1.78648e-10
78 57 0 0.977039 0.022961 1 1.77582e-10
78 64 0 0.976958 0.0230423 1 1.78292e-10
78 72 0 0.884784 0.115216 1 6.03699e-09
78 79 0 0.976675 0.0233246 1 1.7893e-10
78 84 0 0.976943 0.0230567 1 1.78205e-10
78 89 0 0.972612 0.0273877 1 1.00783e-09
78 90 1 0
78 91 0 0.977039 0.022961 1 1.77582e-10
79 2 0 0.9757 0.0243 1 1.97679e-10
79 3 0 0.975795 0.0242054 1 1.82419e-10
79 6 0 0.973834 0.0261657 1 1.90937e-10
79 8 0 0.975598 0.0244016 1 1.84493e-10
79 10 0 0.966887 0.0331132 1 2.35778e-10
79 11 0 0.976783 0.0232172 1 1.79808e-10
79 13 0 0.975151 0.0248486 1 1.9508e-10
79 15 0 0.973918 0.0260816 1 1.90563e-10
79 19 1 0
79 20 0 0.975179 0.0248209 1 1.88566e-10
79 21 0 0.975238 0.024762 1 1.88268e-10
79 23 0 0.975522 0.0244779 1 1.8365e-10
79 25 0 0.977031 0.022969 1 1.77625e-10
79 26 0 0.97375 0.0262502 1 1.92763e-10
79 31 0 0.975396 0.0246044 1 1.89265e-10
79 32 0 0.971484 0.0285162 1 5.56426e-10
79 49 0 0.0660727 0.933927 0 1
79 50 0 0.974741 0.0252587 1 1.86531e-10
79 53 1 0
79 56 0 0.920624 0.0793763 1 1.3235e-09
79 57 0 0.974446 0.0255544 1 1.989e-10
79 64 0 0.930422 0.0695784 0.995506 0.00449379
79 72 0 0.977039 0.022961 1 1.77582e-10
79 78 0 0.976675 0.0233246 1 1.7893e-10
79 84 0 0.977039 0.022961 1 1.77582e-10
79 89 0 0.971653 0.0283474 1 2.9374e-10
79 90 0 0.97597 0.0240299 1 1.81597e-10
79 91 0 0.974039 0.0259606 1 1.96858e-10
84 2 1 0
84 4 0 0.974395 0.0256049 1 1.88107e-10
84 6 0 0.814484 0.185516 0.999989 1.09581e-05
84 8 0 0.976724 0.0232762 1 1.78648e-10
84 10 0 0.973069 0.026931 1 1.95325e-10
84 11 0 0.977039 0.022961 1 1.77582e-10
84 13 0 0.974369 0.0256314 1 1.88246e-10
84 15 0 0.974741 0.0252587 1 1.86531e-10
84 19 0 0.976724 0.0232762 1 1.78648e-10
84 20 0 0.746928 0.253072 1 2.42874e-07
84 23 1 0
84 25 0 0.977031 0.022969 1 1.77625e-10
84 26 0 0.96903 0.0309697 1 2.19443e-10
84 31 0 0.976991 0.0230088 1 1.77862e-10
84 32 0 0.976081 0.0239194 1 1.80987e-10
84 49 0 0.977039 0.022961 1 1.77582e-10
84 50 0 0.266462 0.733538 0.775814 0.224186
84 56 0 0.974741 0.0252587 1 1.86531e-10
84 57 0 0.97553 0.0244696 1 1.83306e-10
84 64 0 0.977039 0.022961 1 1.77582e-10
84 72 1 0
84 78 0 0.976943 0.0230567 1 1.78205e-10
84 79 0 0.977039 0.022961 1 1.77582e-10
84 89 0 0.972954 0.0270463 1 1.95262e-10
84 90 0 0.918141 0.0818589 1 1.65516e-09
84 91 0 0.970214 0.0297857 1 2.11378e-10
89 2 0 0.964488 0.0355123 1 2.65799e-10
89 3 0 0.970151 0.0298493 1 2.40085e-10
89 4 0 0.175067 0.824933 7.73487e-06 0.999992
89 6 0 0.973157 0.0268433 1 2.09377e-10
89 8 1 0
89 10 0 0.968604 0.0313963 1 2.27107e-10
89 11 0 0.976823 0.023177 1 1.7934e-10
89 13 0 0.963639 0.0363612 1 3.32231e-10
89 15 0 0.976513 0.0234869 1 1.80328e-10
89 19 0 0.968214 0.0317865 1 2.27537e-09
89 20 0 0.950185 0.0498154 1 4.18291e-10
89 21 0 0.959781 0.0402189 1 7.85362e-10
89 23 0 0.964104 0.0358956 1 2.62683e-10
89 25 0 0.976716 0.0232843 1 1.78691e-10
89 26 1 0
89 31 0 0.960919 0.0390812 1 2.98151e-10
89 32 0 0.971356 0.0286443 1 2.84911e-10
89 49 0 0.973447 0.0265534 1 1.93161e-10
89 50 0 0.966299 0.0337006 1 2.41082e-10
89 53 0 0.976708 0.0232923 1 1.78735e-10
89 56 0 0.976396 0.0236038 1 1.79826e-10
89 57 0 0.974657 0.0253432 1 1.86811e-10
89 64 0 0.972571 0.0274292 1 2.04308e-10
89 72 0 0.977023 0.022977 1 1.77669e-10
89 84 1 0
89 90 0 0.923272 0.0767277 1 1.65805e-08
89 91 0 0.539387 0.460613 0 1
90 2 0 2.04922e-07 1 0 1
90 3 0 0.0588056 0.941194 2.09843e-12 1
90 4 0 0.975598 0.0244024 1 1.83727e-10
90 6 0 0.000109354 0.999891 0 1
90 8 0 0.824405 0.175595 1 2.19234e-08
90 10 0 0.973433 0.0265667 1 1.92856e-10
90 11 0 0.972318 0.0276822 1 2.11064e-10
90 13 1 0
90 15 0 0.975267 0.0247328 1 1.86407e-10
90 19 0 0.975066 0.0249343 1 1.85123e-10
90 20 0 6.72998e-05 0.999933 0 1
90 21 0 8.4081e-05 0.999916 0 1
90 23 0 0.974022 0.0259784 1 2.41498e-10
90 25 0 0.974855 0.0251451 1 1.86092e-10
90 26 0 0.0640925 0.935907 1.53988e-06 0.999998
90 31 0 0.974278 0.025722 1 1.89015e-10
90 32 0 0.972548 0.0274519 1 2.31113e-10
90 49 1 0
90 50 0 0.820096 0.179904 1 3.17619e-08
90 53 0 0.974342 0.025658 1 1.88403e-10
90 56 0 0.975074 0.0249257 1 1.85078e-10
90 57 0 0.971728 0.0282719 1 2.02171e-10
90 64 0 0.9736 0.0264003 1 1.98987e-10
90 72 0 0.97638 0.0236201 1 1.79917e-10
90 78 0 0.976388 0.023612 1 1.7987e-10
90 79 0 0.97597 0.0240299 1 1.81597e-10
90 84 0 0.918141 0.0818589 1 1.65516e-09
90 89 1 0
91 2 0 0.883999 0.116001 1 3.03308e-08
91 3 0 0.815781 0.184219 1 3.88068e-08
91 4 0 0.904343 0.0956567 0.781773 0.218227
91 6 0 0.9429 0.0571002 1 5.84959e-10
91 8 0 0.976866 0.0231336 1 1.79587e-10
91 10 0 0.973072 0.0269283 1 1.98822e-10
91 11 0 0.976975 0.0230248 1 1.77969e-10
91 13 0 0.976927 0.0230727 1 1.78333e-10
91 15 0 0.9767 0.0233004 1 1.78781e-10
91 19 1 0
91 20 0 0.909778 0.0902221 1 2.13395e-09
91 21 0 0.703036 0.296964 0.849685 0.150315
91 23 0 0.976273 0.0237268 1 1.8068e-10
91 25 0 0.976716 0.0232843 1 1.78691e-10
91 26 0 0.971935 0.0280648 1 2.36819e-10
91 31 0 0.97637 0.02363 1 1.80694e-10
91 32 0 0.968673 0.031327 1 2.414e-10
91 49 0 0.000675332 0.999325 0 1
91 50 0 0.96492 0.0350797 1 2.51682e-10
91 53 1 0
91 56 0 0.972935 0.0270649 1 1.95361e-10
91 57 0 0.973958 0.0260416 1 1.94675e-10
91 64 0 0.225024 0.774976 0 1
91 72 0 0.873396 0.126604 0 1
91 78 0 0.977039 0.022961 1 1.77582e-10
91 79 0 0.974039 0.0259606 1 1.96858e-10
91 84 0 0.970214 0.0297857 1 2.11378e-10
91 89 0 0.539387 0.460613 0 1
91 90 0 0.157665 0.842335 0.00957613 0.990424
