2 6 0 1.71351e-07 1 0 1
2 10 1 1
2 11 0 0.952977 0.0470234 0.208567 0.791433
2 20 0 1e-07 1 0 1
4 8 0 0.000227615 0.999772 0 1
4 13 0 8.81141e-07 0.999999 0 1
4 19 0 0.000215481 0.999785 0 1
4 79 0 0.0410943 0.958906 0 1
8 4 0 0.000244012 0.999756 0 1
8 13 0 1.17676e-06 0.999999 0 1
8 23 0 0.813104 0.186896 7.40186e-13 1
10 2 1 1
10 8 0 0.954126 0.0458742 1 1.30955e-11
10 79 0 0.961705 0.0382946 1 1.05336e-11
13 4 0 8.63282e-07 0.999999 0 1
13 8 0 1.09645e-06 0.999999 0 1
13 23 0 0.0406231 0.959377 5.72408e-10 1
19 31 0 0.235106 0.764894 0 1
20 2 0 1e-07 1 0 1
20 3 0 0.263075 0.736925 0 1
20 6 0 1e-07 1 0 1
20 50 1 1
21 53 0 0.883611 0.116389 0.00549021 0.99451
21 84 0 0.791318 0.208682 1 5.36026e-10
23 13 0 0.0400592 0.959941 2.01675e-10 1
26 56 0 0.91261 0.0873901 0 1
31 19 0 0.236068 0.763932 0 1
32 57 0 0.000402213 0.999598 0 1
53 21 0 0.883959 0.116041 0.010838 0.989162
53 84 0 0.35576 0.64424 0 1
56 25 0 0.968829 0.0311705 1 8.25384e-12
56 26 1 1
57 15 0 0.968333 0.0316673 1 8.3924e-12
57 32 0 0.000402403 0.999598 0 1
64 49 0 0.0105914 0.989409 0 1
79 4 0 0.0428609 0.957139 0 1
84 3 0 0.958632 0.0413675 1 1.20612e-11
84 21 0 0.791318 0.208682 1 5.36026e-10
84 53 0 0.359818 0.640182 0 1
89 78 0 0.955374 0.0446261 0 1
89 79 0 0.957055 0.0429455 1 3.8985e-11
90 91 1 1
2 3 0 0.631093 0.368907 6.66134e-16 1
2 4 0 0.956984 0.0430157 1 1.52991e-11
2 8 0 0.273253 0.726747 0 1
2 13 0 0.961373 0.0386273 1 1.07561e-11
2 15 0 0.968305 0.0316945 1 8.57114e-12
2 19 0 0.968548 0.031452 1 8.54805e-12
2 21 0 0.0463174 0.953683 0 1
2 23 0 0.952383 0.0476171 1 2.40126e-11
2 25 0 0.967258 0.0327424 1 9.08429e-12
2 26 1 0
2 31 0 0.968511 0.0314891 1 8.81983e-12
2 32 0 0.96606 0.0339398 1 9.61187e-12
2 49 0 0.968762 0.0312384 1 8.57536e-12
2 50 0 0.173167 0.826833 0.999994 5.66936e-06
2 53 0 0.965719 0.0342815 1 9.14557e-12
2 56 0 0.967777 0.0322226 1 8.73768e-12
2 57 0 0.967545 0.0324546 1 8.72036e-12
2 64 0 0.966954 0.0330457 1 9.1811e-12
2 72 0 0.967274 0.0327263 1 8.82405e-12
2 78 1 0
2 79 0 0.967776 0.0322235 1 9.21063e-12
2 84 0 0.863026 0.136974 1 4.0883e-10
2 89 0 0.960577 0.039423 1 1.17508e-11
2 90 0 4.84872e-06 0.999995 0 1
2 91 0 0.922712 0.0772879 1 5.35378e-11
3 2 0 0.631093 0.368907 6.66134e-16 1
3 4 0 0.962695 0.0373052 1 1.02165e-11
3 6 0 0.405641 0.594359 0.999999 1.25032e-06
3 8 0 0.965535 0.0344654 1 1.22611e-11
3 10 1 0
3 11 0 0.968819 0.031181 1 8.32023e-12
3 13 0 0.965731 0.0342692 1 9.13425e-12
3 15 0 0.965995 0.0340046 1 9.08629e-12
3 19 0 0.964021 0.0359785 1 9.62563e-12
3 20 0 0.260698 0.739302 0 1
3 21 0 0.648373 0.351627 1 6.11409e-08
3 23 0 0.967809 0.0321912 1 8.66063e-12
3 25 0 0.958312 0.0416877 1 1.06688e-11
3 26 0 0.533993 0.466007 1 7.66464e-09
3 31 1 0
3 32 0 0.96608 0.0339195 1 9.49663e-12
3 49 0 0.965827 0.0341729 1 9.16067e-12
3 50 0 0.754807 0.245193 1.35558e-13 1
3 53 0 0.967077 0.032923 1 8.50719e-12
3 56 0 0.967062 0.0329378 1 8.7188e-12
3 57 0 0.965683 0.0343171 1 9.03677e-12
3 64 0 0.925352 0.0746481 1 3.47891e-11
3 72 0 0.960549 0.0394511 1 3.42435e-11
3 78 0 0.966455 0.0335454 1 9.12093e-12
3 79 1 0
3 84 0 0.958603 0.0413968 1 1.20883e-11
3 89 0 0.960822 0.0391779 1 1.12053e-11
3 90 0 0.197504 0.802496 0.99979 0.000209778
3 91 0 0.840146 0.159854 1 3.20724e-10
4 2 0 0.956984 0.0430157 1 1.52991e-11
4 3 0 0.962695 0.0373052 1 1.02165e-11
4 6 0 0.962146 0.0378539 1 1.00868e-11
4 10 0 0.907284 0.0927161 0.999987 1.33271e-05
4 11 0 0.968804 0.0311962 1 8.42038e-12
4 15 1 0
4 20 0 0.962502 0.0374983 1 1.01847e-11
4 21 0 0.964479 0.0355212 1 1.04341e-11
4 23 0 0.961821 0.0381795 1 1.05229e-11
4 25 0 0.968078 0.0319222 1 8.48588e-12
4 26 0 0.950811 0.0491889 1 1.40936e-11
4 31 0 0.952471 0.0475289 1 1.27647e-11
4 32 0 0.966311 0.0336886 1 9.66138e-12
4 49 0 0.96504 0.0349602 1 9.45977e-12
4 50 0 0.96574 0.0342603 1 9.07718e-12
4 53 1 0
4 56 0 0.967579 0.0324212 1 8.57026e-12
4 57 0 0.966652 0.0333482 1 9.91207e-12
4 64 0 0.955229 0.0447709 1 1.57736e-11
4 72 0 0.967569 0.0324309 1 8.63154e-12
4 78 0 0.968327 0.0316732 1 8.42992e-12
4 84 0 0.966805 0.0331955 1 8.77143e-12
4 89 0 0.443329 0.556671 0.895125 0.104875
4 90 0 0.967739 0.0322613 1 8.58424e-12
4 91 0 0.929898 0.0701018 1 1.15247e-07
6 2 1 0
6 3 0 0.405858 0.594142 0.999999 1.21416e-06
6 4 0 0.962146 0.0378539 1 1.00868e-11
6 8 0 0.951871 0.0481293 1 3.73622e-10
6 10 0 0.956397 0.0436028 1 1.37228e-11
6 11 0 0.962595 0.0374053 1 2.80931e-11
6 13 0 0.968781 0.0312185 1 8.4408e-12
6 15 0 0.967561 0.0324393 1 8.68661e-12
6 19 0 0.968566 0.0314343 1 8.42815e-12
6 20 0 1e-07 1 0 1
6 21 1 0
6 23 0 0.956893 0.0431073 1 1.22815e-11
6 25 0 0.96833 0.0316697 1 8.40727e-12
6 26 0 0.491731 0.508269 1 2.4572e-07
6 31 0 0.968333 0.0316673 1 8.3924e-12
6 32 0 0.967703 0.0322975 1 9.66516e-12
6 49 0 0.967818 0.0321815 1 8.5969e-12
6 50 0 0.0712578 0.928742 0.000293736 0.999706
6 53 0 0.96808 0.0319198 1 8.47078e-12
6 56 0 0.967575 0.0324248 1 8.59313e-12
6 57 1 0
6 64 0 0.967054 0.0329464 1 8.77343e-12
6 72 0 0.96858 0.0314203 1 8.33733e-12
6 78 0 0.968808 0.0311922 1 8.33067e-12
6 79 0 0.966491 0.033509 1 9.04055e-12
6 84 0 0.89164 0.10836 1 1.56199e-10
6 89 0 0.965866 0.0341343 1 9.98845e-12
6 90 0 0.00661499 0.993385 1.00778e-07 1
6 91 0 0.948149 0.0518515 1 1.69231e-11
8 2 0 0.273253 0.726747 0 1
8 3 1 0
8 6 0 0.951871 0.0481293 1 3.73622e-10
8 10 0 0.954126 0.0458742 1 1.30955e-11
8 11 0 0.968827 0.0311729 1 8.26827e-12
8 15 0 0.968829 0.0311705 1 8.25384e-12
8 19 0 0.858746 0.141254 1 4.92585e-10
8 20 0 0.967525 0.0324748 1 8.93241e-12
8 21 0 0.962818 0.0371824 1 1.28886e-11
8 25 0 0.341477 0.658523 1 2.03034e-07
8 26 0 0.960538 0.0394625 1 1.05425e-11
8 31 1 0
8 32 0 0.968579 0.0314214 1 8.34466e-12
8 49 0 0.968582 0.0314179 1 8.32268e-12
8 50 0 0.968827 0.0311729 1 8.26827e-12
8 53 0 0.968334 0.0316661 1 8.38507e-12
8 56 0 0.968829 0.0311705 1 8.25384e-12
8 57 0 0.968826 0.031174 1 8.2756e-12
8 64 0 0.968581 0.0314191 1 8.33e-12
8 72 0 0.953015 0.0469854 1 1.75919e-11
8 78 0 0.963371 0.0366285 1 1.42237e-11
8 79 1 0
8 84 0 0.968583 0.0314168 1 8.31535e-12
8 89 0 0.966969 0.0330305 1 8.77654e-12
8 90 0 0.880506 0.119494 1 5.34222e-11
8 91 0 0.968699 0.0313007 1 8.37774e-12
10 3 0 0.962306 0.0376941 1 1.00642e-11
10 4 0 0.90647 0.09353 0.999975 2.52674e-05
10 6 0 0.956397 0.0436028 1 1.37228e-11
10 11 0 0.968828 0.0311717 1 8.26117e-12
10 13 0 0.584783 0.415217 1 4.33956e-09
10 15 1 0
10 19 0 0.961745 0.0382546 1 1.02589e-11
10 20 0 0.955586 0.0444137 1 1.38636e-11
10 21 0 0.94655 0.0534498 1 1.50266e-11
10 23 0 0.5205 0.4795 1 9.749e-09
10 25 0 0.964368 0.0356316 1 9.43712e-12
10 26 0 0.957957 0.0420434 1 1.14937e-11
10 31 0 0.963223 0.0367766 1 9.80149e-12
10 32 0 0.956002 0.0439982 1 1.21618e-11
10 49 0 0.964404 0.0355962 1 9.67737e-12
10 50 1 0
10 53 0 0.964478 0.035522 1 9.41425e-12
10 56 0 0.967317 0.0326834 1 8.67462e-12
10 57 0 0.964923 0.035077 1 9.21752e-12
10 64 0 0.966017 0.0339828 1 9.34963e-12
10 72 0 0.968829 0.0311705 1 8.25384e-12
10 78 0 0.967833 0.0321672 1 8.5052e-12
10 84 0 0.965976 0.0340237 1 9.21485e-12
10 89 0 0.962268 0.0377325 1 1.09797e-11
10 90 0 0.96612 0.0338799 1 9.18021e-12
10 91 1 0
11 2 0 0.952931 0.0470687 0.200924 0.799076
11 3 0 0.968819 0.031181 1 8.32023e-12
11 4 0 0.968804 0.0311962 1 8.42038e-12
11 6 0 0.962591 0.0374092 1 2.90941e-11
11 8 0 0.968827 0.0311729 1 8.26827e-12
11 10 0 0.968828 0.0311717 1 8.26117e-12
11 13 0 0.96882 0.0311798 1 8.31268e-12
11 15 0 0.96879 0.0312103 1 8.51785e-12
11 19 0 0.968573 0.0314269 1 8.91021e-12
11 20 1 0
11 21 0 0.967759 0.0322414 1 8.80007e-12
11 23 0 0.968785 0.031215 1 8.55138e-12
11 25 0 0.968829 0.0311705 1 8.25384e-12
11 26 0 0.968826 0.031174 1 8.2756e-12
11 31 0 0.968828 0.0311717 1 8.26117e-12
11 32 0 0.968807 0.0311933 1 8.338e-12
11 49 0 0.96882 0.0311798 1 8.31268e-12
11 50 0 0.968829 0.0311705 1 8.25384e-12
11 53 0 0.968829 0.0311705 1 8.25384e-12
11 56 1 0
11 57 0 0.968826 0.031174 1 8.2756e-12
11 64 0 0.968829 0.0311705 1 8.25384e-12
11 72 0 0.968827 0.0311729 1 8.26827e-12
11 78 0 0.968828 0.0311717 1 8.26117e-12
11 79 0 0.968792 0.0312079 1 8.5012e-12
11 84 0 0.968829 0.0311705 1 8.25384e-12
11 89 0 0.968798 0.031202 1 8.46034e-12
11 90 0 0.964474 0.0355257 1 9.75309e-12
11 91 0 0.96882 0.0311798 1 8.31268e-12
13 2 1 0
13 3 0 0.965731 0.0342692 1 9.13425e-12
13 6 0 0.968781 0.0312185 1 8.4408e-12
13 10 0 0.584783 0.415217 1 4.33956e-09
13 11 0 0.96882 0.0311798 1 8.31268e-12
13 15 0 0.968333 0.0316673 1 8.3924e-12
13 19 0 0.957672 0.0423281 1 1.1658e-11
13 20 0 0.966437 0.0335629 1 9.60343e-12
13 21 0 0.933486 0.0665141 1 2.5725e-11
13 25 0 0.96349 0.0365104 1 9.86278e-12
13 26 1 0
13 31 0 0.963543 0.0364573 1 9.50817e-12
13 32 0 0.966221 0.0337792 1 9.22062e-12
13 49 0 0.968085 0.0319151 1 8.44103e-12
13 50 0 0.967576 0.0324236 1 8.58535e-12
13 53 0 0.964922 0.0350782 1 9.29989e-12
13 56 0 0.968829 0.0311705 1 8.25384e-12
13 57 0 0.966745 0.0332553 1 9.1791e-12
13 64 0 0.963571 0.0364289 1 9.32543e-12
13 72 0 0.96732 0.0326797 1 8.65152e-12
13 78 1 0
13 79 0 0.964676 0.0353237 1 9.09806e-12
13 84 0 0.966801 0.0331992 1 8.79452e-12
13 89 0 0.949873 0.0501267 1 1.63227e-11
13 90 0 0.966536 0.0334639 1 8.87956e-12
13 91 0 0.968813 0.0311868 1 8.3582e-12
15 2 0 0.968305 0.0316945 1 8.57114e-12
15 3 0 0.965995 0.0340046 1 9.08629e-12
15 4 0 0.965706 0.0342936 1 9.29767e-12
15 6 0 0.967561 0.0324393 1 8.68661e-12
15 8 1 0
15 10 0 0.966937 0.0330625 1 8.83116e-12
15 11 0 0.96879 0.0312103 1 8.51785e-12
15 13 0 0.968333 0.0316673 1 8.3924e-12
15 19 0 0.968655 0.031345 1 8.46101e-12
15 20 0 0.96732 0.0326797 1 8.65152e-12
15 21 0 0.965167 0.0348333 1 9.42157e-12
15 23 0 0.96832 0.0316803 1 8.47589e-12
15 25 0 0.968827 0.0311729 1 8.26827e-12
15 26 0 0.968572 0.0314285 1 8.38973e-12
15 31 1 0
15 32 0 0.96832 0.0316803 1 8.47589e-12
15 49 0 0.966975 0.0330254 1 8.99791e-12
15 50 0 0.967321 0.0326785 1 8.64397e-12
15 53 0 0.967062 0.0329378 1 8.7188e-12
15 56 0 0.968278 0.0317222 1 8.43858e-12
15 57 0 0.968333 0.0316673 1 8.3924e-12
15 64 0 0.96519 0.0348099 1 9.26592e-12
15 72 0 0.968828 0.0311717 1 8.26117e-12
15 78 0 0.968829 0.0311705 1 8.25384e-12
15 79 1 0
15 84 0 0.967065 0.0329354 1 8.70348e-12
15 89 0 0.968553 0.0314473 1 8.51541e-12
15 90 0 0.967456 0.032544 1 8.68083e-12
15 91 0 0.96858 0.0314203 1 8.33733e-12
19 2 0 0.968548 0.031452 1 8.54805e-12
19 3 0 0.964021 0.0359785 1 9.62563e-12
19 4 0 0.000212048 0.999788 0 1
19 6 0 0.968566 0.0314343 1 8.42815e-12
19 8 0 0.858746 0.141254 1 4.92585e-10
19 10 1 0
19 11 0 0.968573 0.0314269 1 8.91021e-12
19 13 0 0.957672 0.0423281 1 1.1658e-11
19 15 0 0.968655 0.031345 1 8.46101e-12
19 20 0 0.968261 0.0317385 1 8.57758e-12
19 21 0 0.967058 0.032942 1 8.59424e-12
19 23 0 0.965665 0.0343346 1 9.44334e-12
19 25 0 0.277972 0.722028 0.999999 6.05569e-07
19 26 0 0.968826 0.031174 1 8.2756e-12
19 32 0 0.968134 0.0318661 1 8.46256e-12
19 49 1 0
19 50 0 0.96833 0.0316697 1 8.40727e-12
19 53 0 0.968583 0.0314168 1 8.31535e-12
19 56 0 0.968582 0.0314179 1 8.32268e-12
19 57 0 0.967346 0.0326541 1 9.20308e-12
19 64 0 0.961484 0.0385158 1 1.05689e-11
19 72 0 0.945086 0.0549142 1 2.14517e-11
19 78 0 0.941406 0.058594 1 1.79123e-10
19 79 0 0.963847 0.0361532 1 9.23661e-12
19 84 0 0.968583 0.0314168 1 8.31535e-12
19 89 1 0
19 90 0 0.96732 0.0326797 1 8.65152e-12
19 91 0 0.968228 0.0317725 1 9.44156e-12
20 4 0 0.962502 0.0374983 1 1.01847e-11
20 8 0 0.967525 0.0324748 1 8.93241e-12
20 10 0 0.955586 0.0444137 1 1.38636e-11
20 11 0 0.968824 0.0311763 1 8.29026e-12
20 13 0 0.966437 0.0335629 1 9.60343e-12
20 15 0 0.96732 0.0326797 1 8.65152e-12
20 19 0 0.968261 0.0317385 1 8.57758e-12
20 21 1 0
20 23 0 0.964603 0.035397 1 1.05165e-11
20 25 0 0.966901 0.0330985 1 8.78497e-12
20 26 0 0.928128 0.0718719 1 3.14778e-10
20 31 0 0.968557 0.0314426 1 8.48321e-12
20 32 0 0.918218 0.0817815 1 5.53628e-11
20 49 0 0.966962 0.0330379 1 8.94795e-12
20 53 0 0.965493 0.0345067 1 9.34808e-12
20 56 0 0.967832 0.0321684 1 8.51275e-12
20 57 0 0.924976 0.0750237 1 1.37661e-10
20 64 1 0
20 72 0 0.968084 0.0319163 1 8.44835e-12
20 78 0 0.968809 0.031191 1 8.32334e-12
20 79 0 0.967557 0.0324428 1 9.04299e-12
20 84 0 0.865579 0.134421 1 8.1916e-11
20 89 0 0.948733 0.0512673 1 1.51228e-11
20 90 0 0.00229943 0.997701 0 1
20 91 0 0.930624 0.0693758 1 2.99418e-11
21 2 0 0.0463174 0.953683 0 1
21 3 0 0.648373 0.351627 1 6.11409e-08
21 4 1 0
21 6 0 0.118213 0.881787 0.997522 0.00247824
21 8 0 0.962818 0.0371824 1 1.28886e-11
21 10 0 0.94655 0.0534498 1 1.50266e-11
21 11 0 0.967759 0.0322414 1 8.80007e-12
21 13 0 0.933486 0.0665141 1 2.5725e-11
21 15 0 0.965167 0.0348333 1 9.42157e-12
21 19 0 0.967058 0.032942 1 8.59424e-12
21 20 0 0.29277 0.70723 0.999879 0.000120642
21 23 0 0.963349 0.0366514 1 1.06615e-11
21 25 1 0
21 26 0 0.5 0.5 1 6.31753e-08
21 31 0 0.968202 0.0317979 1 1.08424e-11
21 32 0 0.966329 0.0336711 1 9.23128e-12
21 49 0 0.965216 0.0347839 1 9.71956e-12
21 50 0 0.357432 0.642568 1 9.72416e-08
21 56 0 0.966537 0.0334626 1 8.87157e-12
21 57 0 0.9636 0.0363997 1 1.01854e-11
21 64 0 0.967473 0.0325271 1 8.72036e-12
21 72 0 0.967071 0.0329291 1 8.54494e-12
21 78 1 0
21 79 0 0.966964 0.0330364 1 8.92664e-12
21 89 0 0.956995 0.0430051 1 1.45477e-11
21 90 0 0.00507813 0.994922 2.54832e-10 1
21 91 0 0.850741 0.149259 1 2.2492e-10
23 2 0 0.952383 0.0476171 1 2.40126e-11
23 3 0 0.967809 0.0321912 1 8.66063e-12
23 4 0 0.961821 0.0381795 1 1.05229e-11
23 6 0 0.956893 0.0431073 1 1.22815e-11
23 8 0 0.811139 0.188861 6.14508e-13 1
23 10 1 0
23 11 0 0.968785 0.031215 1 8.55138e-12
23 15 0 0.96832 0.0316803 1 8.47589e-12
23 19 0 0.965665 0.0343346 1 9.44334e-12
23 20 0 0.964603 0.035397 1 1.05165e-11
23 21 0 0.963349 0.0366514 1 1.06615e-11
23 25 0 0.967824 0.0321755 1 8.55827e-12
23 26 0 0.968573 0.0314273 1 8.38218e-12
23 31 0 0.966798 0.0332017 1 8.81029e-12
23 32 0 0.964059 0.0359409 1 9.69913e-12
23 49 1 0
23 50 0 0.96263 0.0373703 1 1.00422e-11
23 53 0 0.966003 0.033997 1 9.03722e-12
23 56 0 0.968483 0.0315174 1 8.38241e-12
23 57 0 0.96729 0.0327103 1 8.8527e-12
23 64 0 0.967926 0.0320745 1 8.52762e-12
23 72 0 0.96437 0.0356302 1 9.4289e-12
23 78 0 0.968827 0.0311729 1 8.26827e-12
23 79 0 0.967779 0.0322214 1 8.72968e-12
23 84 0 0.968077 0.0319234 1 8.49365e-12
23 89 1 0
23 90 0 0.966985 0.0330153 1 1.00531e-11
23 91 0 0.968316 0.0316838 1 8.4992e-12
25 2 0 0.967258 0.0327424 1 9.08429e-12
25 3 0 0.958312 0.0416877 1 1.06688e-11
25 4 0 0.968078 0.0319222 1 8.48588e-12
25 6 0 0.96833 0.0316697 1 8.40727e-12
25 8 0 0.341477 0.658523 1 2.03034e-07
25 10 0 0.964368 0.0356316 1 9.43712e-12
25 11 0 0.968829 0.0311705 1 8.25384e-12
25 13 1 0
25 15 0 0.968827 0.0311729 1 8.26827e-12
25 19 0 0.277972 0.722028 0.999999 6.05569e-07
25 20 0 0.966901 0.0330985 1 8.78497e-12
25 21 0 0.967318 0.0326822 1 8.66685e-12
25 23 0 0.967824 0.0321755 1 8.55827e-12
25 26 0 0.968829 0.0311705 1 8.25384e-12
25 31 0 0.393875 0.606125 1 8.2892e-08
25 32 0 0.967071 0.032929 1 8.59468e-12
25 49 0 0.968828 0.0311717 1 8.26117e-12
25 50 1 0
25 53 0 0.968829 0.0311705 1 8.25384e-12
25 56 0 0.968829 0.0311705 1 8.25384e-12
25 57 0 0.968085 0.0319151 1 8.44103e-12
25 64 0 0.967828 0.0321719 1 8.53539e-12
25 72 0 0.729842 0.270158 1 8.27367e-10
25 78 0 0.425473 0.574527 1 1.10342e-07
25 79 0 0.968828 0.0311717 1 8.26117e-12
25 84 0 0.968828 0.0311717 1 8.26117e-12
25 89 0 0.968582 0.0314179 1 8.32268e-12
25 90 1 0
25 91 0 0.968582 0.0314179 1 8.32268e-12
26 2 0 0.694191 0.305809 2.09672e-11 1
26 3 0 0.533993 0.466007 1 7.66464e-09
26 4 0 0.950811 0.0491889 1 1.40936e-11
26 6 0 0.492584 0.507416 1 1.95882e-07
26 8 0 0.960538 0.0394625 1 1.05425e-11
26 10 0 0.957957 0.0420434 1 1.14937e-11
26 11 0 0.968826 0.031174 1 8.2756e-12
26 13 0 0.968826 0.031174 1 8.2756e-12
26 15 1 0
26 19 0 0.968826 0.031174 1 8.2756e-12
26 20 0 0.928128 0.0718719 1 3.14778e-10
26 21 0 0.5 0.5 1 6.31753e-08
26 23 0 0.968573 0.0314273 1 8.38218e-12
26 25 0 0.968829 0.0311705 1 8.25384e-12
26 31 0 0.968828 0.0311717 1 8.26117e-12
26 32 0 0.968573 0.0314273 1 8.38218e-12
26 49 0 0.968783 0.0312173 1 8.43325e-12
26 50 0 0.948493 0.0515068 1 1.46974e-11
26 53 1 0
26 57 0 0.967833 0.0321672 1 8.5052e-12
26 64 0 0.968829 0.0311705 1 8.25384e-12
26 72 0 0.963863 0.0361366 1 9.20686e-12
26 78 0 0.968829 0.0311705 1 8.25384e-12
26 79 0 0.966457 0.0335431 1 9.13936e-12
26 84 0 0.962941 0.0370585 1 9.83258e-12
26 89 0 0.964032 0.0359684 1 9.81015e-12
26 90 0 0.343861 0.656139 1 5.53018e-08
26 91 0 0.966034 0.0339658 1 1.10318e-11
31 2 1 0
31 3 0 0.837016 0.162984 1 1.52126e-08
31 4 0 0.952471 0.0475289 1 1.27647e-11
31 6 0 0.968333 0.0316673 1 8.3924e-12
31 8 0 0.885563 0.114437 1 7.42972e-11
31 10 0 0.963223 0.0367766 1 9.80149e-12
31 11 0 0.968828 0.0311717 1 8.26117e-12
31 13 0 0.963543 0.0364573 1 9.50817e-12
31 15 0 0.968581 0.0314191 1 8.33e-12
31 20 0 0.968557 0.0314426 1 8.48321e-12
31 21 1 0
31 23 0 0.966798 0.0332017 1 8.81029e-12
31 25 0 0.393875 0.606125 1 8.2892e-08
31 26 0 0.968828 0.0311717 1 8.26117e-12
31 32 0 0.913424 0.0865761 1 7.92415e-11
31 49 0 0.968825 0.0311752 1 8.28293e-12
31 50 0 0.968329 0.0316708 1 8.41482e-12
31 53 0 0.968829 0.0311705 1 8.25384e-12
31 56 0 0.968829 0.0311705 1 8.25384e-12
31 57 0 0.96881 0.0311903 1 8.3813e-12
31 64 1 0
31 72 0 0.93334 0.0666604 1 3.94862e-11
31 78 0 0.963006 0.0369943 1 2.56468e-11
31 79 0 0.965508 0.0344923 1 8.74678e-12
31 84 0 0.968822 0.0311775 1 8.29781e-12
31 89 0 0.952136 0.0478644 1 1.27367e-11
31 90 0 0.966751 0.0332489 1 8.82472e-12
31 91 0 0.967931 0.0320686 1 8.42459e-12
32 2 0 0.96606 0.0339398 1 9.61187e-12
32 3 0 0.96608 0.0339195 1 9.49663e-12
32 4 1 0
32 6 0 0.967703 0.0322975 1 9.66516e-12
32 8 0 0.968579 0.0314214 1 8.34466e-12
32 10 0 0.956002 0.0439982 1 1.21618e-11
32 11 0 0.968807 0.0311933 1 8.338e-12
32 13 0 0.966221 0.0337792 1 9.22062e-12
32 15 0 0.96832 0.0316803 1 8.47589e-12
32 19 0 0.968134 0.0318661 1 8.46256e-12
32 20 0 0.918218 0.0817815 1 5.53628e-11
32 21 0 0.966329 0.0336711 1 9.23128e-12
32 23 1 0
32 25 0 0.967071 0.032929 1 8.59468e-12
32 26 0 0.968573 0.0314273 1 8.38218e-12
32 31 0 0.913424 0.0865761 1 7.92415e-11
32 49 0 0.967647 0.0323535 1 9.10716e-12
32 50 0 0.968079 0.031921 1 8.47833e-12
32 53 0 0.959261 0.0407393 1 1.08011e-11
32 56 0 0.968335 0.0316649 1 8.37774e-12
32 64 0 0.965908 0.0340917 1 9.5437e-12
32 72 0 0.968829 0.0311705 1 8.25384e-12
32 78 1 0
32 79 0 0.963717 0.0362831 1 1.28086e-11
32 84 0 0.968085 0.0319151 1 8.44103e-12
32 89 0 0.962535 0.0374653 1 1.07843e-11
32 90 0 0.964891 0.0351087 1 1.0115e-11
32 91 0 0.962907 0.0370926 1 1.08169e-11
49 2 0 0.968762 0.0312384 1 8.57536e-12
49 3 0 0.965827 0.0341729 1 9.16067e-12
49 4 0 0.96504 0.0349602 1 9.45977e-12
49 6 0 0.967818 0.0321815 1 8.5969e-12
49 8 1 0
49 10 0 0.964404 0.0355962 1 9.67737e-12
49 11 0 0.96882 0.0311798 1 8.31268e-12
49 13 0 0.968085 0.0319151 1 8.44103e-12
49 15 0 0.966975 0.0330254 1 8.99791e-12
49 19 0 0.965101 0.0348987 1 1.0016e-11
49 20 0 0.966962 0.0330379 1 8.94795e-12
49 21 0 0.965216 0.0347839 1 9.71956e-12
49 23 0 0.96832 0.0316803 1 8.47589e-12
49 25 0 0.968828 0.0311717 1 8.26117e-12
49 26 1 0
49 31 0 0.968825 0.0311752 1 8.28293e-12
49 32 0 0.967647 0.0323535 1 9.10716e-12
49 50 0 0.967249 0.0327507 1 8.82561e-12
49 53 0 0.968182 0.0318184 1 8.43392e-12
49 56 0 0.939314 0.0606858 1 1.87625e-11
49 57 0 0.966847 0.0331533 1 8.76854e-12
49 64 0 0.0106008 0.989399 0 1
49 72 0 0.968828 0.0311717 1 8.26117e-12
49 78 0 0.968828 0.0311717 1 8.26117e-12
49 79 1 0
49 84 0 0.968829 0.0311705 1 8.25384e-12
49 89 0 0.965432 0.0345682 1 8.96372e-12
49 90 0 0.967473 0.0325272 1 8.65308e-12
49 91 0 0.0374128 0.962587 0.711013 0.288987
50 2 0 0.173196 0.826804 0.999994 5.6687e-06
50 3 0 0.750176 0.249824 0 1
50 4 0 0.96574 0.0342603 1 9.07718e-12
50 6 0 0.070834 0.929166 0.000173813 0.999826
50 8 0 0.968827 0.0311729 1 8.26827e-12
50 10 1 0
50 11 0 0.968829 0.0311705 1 8.25384e-12
50 13 0 0.967576 0.0324236 1 8.58535e-12
50 15 0 0.967321 0.0326785 1 8.64397e-12
50 19 0 0.96833 0.0316697 1 8.40727e-12
50 20 0 0.20455 0.79545 0.990641 0.00935885
50 21 0 0.357432 0.642568 1 9.72416e-08
50 23 0 0.96263 0.0373703 1 1.00422e-11
50 25 0 0.96808 0.0319198 1 8.47078e-12
50 26 0 0.948493 0.0515068 1 1.46974e-11
50 31 1 0
50 32 0 0.968079 0.031921 1 8.47833e-12
50 49 0 0.967249 0.0327507 1 8.82561e-12
50 53 0 0.967833 0.0321672 1 8.5052e-12
50 56 0 0.967579 0.0324212 1 8.57026e-12
50 57 0 0.968329 0.0316708 1 8.41482e-12
50 64 0 0.96833 0.0316697 1 8.40727e-12
50 72 0 0.968329 0.0316708 1 8.41482e-12
50 78 0 0.968825 0.0311752 1 8.28293e-12
50 79 0 0.967065 0.0329354 1 8.70348e-12
50 84 1 0
50 89 0 0.961214 0.0387861 1 1.07547e-11
50 90 0 0.895164 0.104836 1 5.32907e-11
50 91 0 0.960215 0.0397853 1 1.07128e-11
53 2 0 0.965719 0.0342815 1 9.14557e-12
53 3 0 0.967077 0.032923 1 8.50719e-12
53 4 0 0.965459 0.0345411 1 9.21618e-12
53 6 0 0.96808 0.0319198 1 8.47078e-12
53 8 0 0.968334 0.0316661 1 8.38507e-12
53 10 0 0.964478 0.035522 1 9.41425e-12
53 11 1 0
53 13 0 0.964922 0.0350782 1 9.29989e-12
53 15 0 0.967062 0.0329378 1 8.7188e-12
53 19 0 0.968583 0.0314168 1 8.31535e-12
53 20 0 0.965493 0.0345067 1 9.34808e-12
53 23 0 0.966003 0.033997 1 9.03722e-12
53 25 0 0.968829 0.0311705 1 8.25384e-12
53 26 0 0.968829 0.0311705 1 8.25384e-12
53 31 0 0.968829 0.0311705 1 8.25384e-12
53 32 0 0.959261 0.0407393 1 1.08011e-11
53 49 1 0
53 50 0 0.967833 0.0321672 1 8.5052e-12
53 56 0 0.968335 0.0316649 1 8.37774e-12
53 57 0 0.96236 0.0376404 1 9.88676e-12
53 64 0 0.96843 0.0315702 1 8.37841e-12
53 72 0 0.968829 0.0311705 1 8.25384e-12
53 78 0 0.968829 0.0311705 1 8.25384e-12
53 79 0 0.968828 0.0311717 1 8.26117e-12
53 89 0 0.968581 0.0314191 1 8.33e-12
53 90 0 0.966797 0.0332029 1 8.81806e-12
53 91 1 0
56 2 0 0.967777 0.0322226 1 8.73768e-12
56 3 0 0.967062 0.0329378 1 8.7188e-12
56 4 0 0.967579 0.0324212 1 8.57026e-12
56 6 0 0.967575 0.0324248 1 8.59313e-12
56 8 0 0.968829 0.0311705 1 8.25384e-12
56 10 0 0.967317 0.0326834 1 8.67462e-12
56 11 0 0.968829 0.0311705 1 8.25384e-12
56 13 0 0.968829 0.0311705 1 8.25384e-12
56 15 0 0.968278 0.0317222 1 8.43858e-12
56 19 1 0
56 20 0 0.967832 0.0321684 1 8.51275e-12
56 21 0 0.966537 0.0334626 1 8.87157e-12
56 23 0 0.968483 0.0315174 1 8.38241e-12
56 31 0 0.968829 0.0311705 1 8.25384e-12
56 32 0 0.968335 0.0316649 1 8.37774e-12
56 49 0 0.939314 0.0606858 1 1.87625e-11
56 50 0 0.967579 0.0324212 1 8.57026e-12
56 53 0 0.968335 0.0316649 1 8.37774e-12
56 57 0 0.968085 0.0319151 1 8.44103e-12
56 64 1 0
56 72 0 0.968829 0.0311705 1 8.25384e-12
56 78 0 0.968583 0.0314168 1 8.31535e-12
56 79 0 0.935896 0.0641036 1 2.0635e-11
56 84 0 0.967065 0.0329354 1 8.70348e-12
56 89 0 0.968334 0.0316661 1 8.38507e-12
56 90 0 0.967321 0.0326785 1 8.64397e-12
56 91 0 0.96574 0.0342603 1 9.07718e-12
57 2 0 0.967545 0.0324546 1 8.72036e-12
57 3 0 0.965683 0.0343171 1 9.03677e-12
57 4 1 0
57 6 0 0.965467 0.0345334 1 9.16667e-12
57 8 0 0.968826 0.031174 1 8.2756e-12
57 10 0 0.964923 0.035077 1 9.21752e-12
57 11 0 0.968826 0.031174 1 8.2756e-12
57 13 0 0.966745 0.0332553 1 9.1791e-12
57 19 0 0.967346 0.0326541 1 9.20308e-12
57 20 0 0.924976 0.0750237 1 1.37661e-10
57 21 0 0.9636 0.0363997 1 1.01854e-11
57 23 0 0.96729 0.0327103 1 8.8527e-12
57 25 1 0
57 26 0 0.967833 0.0321672 1 8.5052e-12
57 31 0 0.96881 0.0311903 1 8.3813e-12
57 49 0 0.966847 0.0331533 1 8.76854e-12
57 50 0 0.968329 0.0316708 1 8.41482e-12
57 53 0 0.96236 0.0376404 1 9.88676e-12
57 56 0 0.968085 0.0319151 1 8.44103e-12
57 64 0 0.965624 0.0343757 1 1.13647e-11
57 72 0 0.968824 0.0311763 1 8.29026e-12
57 78 0 0.968829 0.0311705 1 8.25384e-12
57 79 1 0
57 84 0 0.967329 0.0326711 1 8.5294e-12
57 89 0 0.967042 0.0329582 1 8.78453e-12
57 90 0 0.963814 0.0361858 1 9.35452e-12
57 91 0 0.966247 0.0337529 1 9.16778e-12
64 2 0 0.966954 0.0330457 1 9.1811e-12
64 3 0 0.925352 0.0746481 1 3.47891e-11
64 4 0 0.955229 0.0447709 1 1.57736e-11
64 6 0 0.967054 0.0329464 1 8.77343e-12
64 8 0 0.968581 0.0314191 1 8.33e-12
64 10 1 0
64 11 0 0.968829 0.0311705 1 8.25384e-12
64 13 0 0.963571 0.0364289 1 9.32543e-12
64 15 0 0.96519 0.0348099 1 9.26592e-12
64 19 0 0.961484 0.0385158 1 1.05689e-11
64 20 0 0.967775 0.032225 1 8.59557e-12
64 21 0 0.967473 0.0325271 1 8.72036e-12
64 23 0 0.967926 0.0320745 1 8.52762e-12
64 25 0 0.967828 0.0321719 1 8.53539e-12
64 26 0 0.968829 0.0311705 1 8.25384e-12
64 31 1 0
64 32 0 0.965908 0.0340917 1 9.5437e-12
64 50 0 0.96833 0.0316697 1 8.40727e-12
64 53 0 0.96843 0.0315702 1 8.37841e-12
64 56 0 0.965732 0.034268 1 9.12603e-12
64 57 0 0.965624 0.0343757 1 1.13647e-11
64 72 0 0.968582 0.0314179 1 8.32268e-12
64 78 0 0.968783 0.0312173 1 8.28182e-12
64 79 0 0.920159 0.0798408 1 1.02459e-10
64 84 0 0.968829 0.0311705 1 8.25384e-12
64 89 1 0
64 90 0 0.965757 0.0342431 1 9.14113e-12
64 91 0 0.572788 0.427212 0.999995 5.24305e-06
72 2 0 0.967274 0.0327263 1 8.82405e-12
72 3 0 0.960587 0.0394133 1 3.39218e-11
72 4 0 0.967569 0.0324309 1 8.63154e-12
72 6 0 0.96858 0.0314203 1 8.33733e-12
72 8 0 0.953015 0.0469854 1 1.75919e-11
72 10 0 0.968829 0.0311705 1 8.25384e-12
72 11 0 0.968827 0.0311729 1 8.26827e-12
72 13 1 0
72 15 0 0.968828 0.0311717 1 8.26117e-12
72 19 0 0.945086 0.0549142 1 2.14517e-11
72 20 0 0.968084 0.0319163 1 8.44835e-12
72 21 0 0.967071 0.0329291 1 8.54494e-12
72 23 0 0.96437 0.0356302 1 9.4289e-12
72 25 0 0.729842 0.270158 1 8.27367e-10
72 26 0 0.963863 0.0361366 1 9.20686e-12
72 31 0 0.93334 0.0666604 1 3.94862e-11
72 32 0 0.968829 0.0311705 1 8.25384e-12
72 49 1 0
72 50 0 0.968329 0.0316708 1 8.41482e-12
72 53 0 0.968829 0.0311705 1 8.25384e-12
72 56 0 0.968829 0.0311705 1 8.25384e-12
72 57 0 0.968824 0.0311763 1 8.29026e-12
72 64 0 0.968582 0.0314179 1 8.32268e-12
72 78 0 0.923673 0.0763267 1 4.22535e-11
72 79 0 0.968829 0.0311705 1 8.25384e-12
72 84 0 0.968828 0.0311717 1 8.26117e-12
72 89 0 0.968827 0.0311729 1 8.26827e-12
72 90 1 0
72 91 0 0.883263 0.116737 0.997331 0.00266869
78 2 0 0.968792 0.0312085 1 8.43703e-12
78 3 0 0.966455 0.0335454 1 9.12093e-12
78 4 0 0.968327 0.0316732 1 8.42992e-12
78 6 0 0.968808 0.0311922 1 8.33067e-12
78 8 0 0.963371 0.0366285 1 1.42237e-11
78 10 0 0.967833 0.0321672 1 8.5052e-12
78 11 0 0.968828 0.0311717 1 8.26117e-12
78 13 0 0.96882 0.0311798 1 8.31268e-12
78 15 1 0
78 19 0 0.941406 0.058594 1 1.79123e-10
78 20 0 0.968809 0.031191 1 8.32334e-12
78 21 0 0.968574 0.0314261 1 8.37463e-12
78 23 0 0.968827 0.0311729 1 8.26827e-12
78 25 0 0.425473 0.574527 1 1.10342e-07
78 26 0 0.968829 0.0311705 1 8.25384e-12
78 31 0 0.963006 0.0369943 1 2.56468e-11
78 32 0 0.968712 0.0312875 1 8.35287e-12
78 49 0 0.968828 0.0311717 1 8.26117e-12
78 50 1 0
78 53 0 0.968829 0.0311705 1 8.25384e-12
78 56 0 0.968583 0.0314168 1 8.31535e-12
78 57 0 0.968829 0.0311705 1 8.25384e-12
78 64 0 0.968783 0.0312173 1 8.28182e-12
78 72 0 0.923673 0.0763267 1 4.22535e-11
78 79 0 0.968576 0.0314238 1 8.35954e-12
78 84 0 0.968816 0.0311845 1 8.34288e-12
78 89 0 0.955892 0.0441083 1 2.62303e-09
78 90 0 0.968333 0.0316673 1 8.3924e-12
78 91 1 0
79 2 0 0.967776 0.0322235 1 9.21063e-12
79 3 0 0.967575 0.0324248 1 8.5254e-12
79 6 0 0.966491 0.033509 1 9.04055e-12
79 8 0 0.967619 0.0323814 1 8.70881e-12
79 10 0 0.961705 0.0382946 1 1.05336e-11
79 11 0 0.968792 0.0312079 1 8.5012e-12
79 13 0 0.964676 0.0353237 1 9.09806e-12
79 15 0 0.966525 0.0334751 1 8.95195e-12
79 19 0 0.963847 0.0361532 1 9.23661e-12
79 20 1 0
79 21 0 0.966964 0.0330364 1 8.92664e-12
79 23 0 0.967779 0.0322214 1 8.72968e-12
79 25 0 0.968828 0.0311717 1 8.26117e-12
79 26 0 0.966457 0.0335431 1 9.13936e-12
79 31 0 0.965508 0.0344923 1 8.74678e-12
79 32 0 0.963717 0.0362831 1 1.28086e-11
79 49 0 0.313143 0.686857 0.999562 0.000437558
79 50 0 0.967065 0.0329354 1 8.70348e-12
79 53 0 0.968828 0.0311717 1 8.26117e-12
79 56 1 0
79 57 0 0.963902 0.0360985 1 9.3201e-12
79 64 0 0.920159 0.0798408 1 1.02459e-10
79 72 0 0.968829 0.0311705 1 8.25384e-12
79 78 0 0.968576 0.0314238 1 8.35954e-12
79 84 0 0.968829 0.0311705 1 8.25384e-12
79 89 0 0.956897 0.043103 1 4.15181e-11
79 90 0 0.968048 0.0319523 1 8.55582e-12
79 91 0 0.966598 0.0334025 1 9.24727e-12
84 2 0 0.863026 0.136974 1 4.0883e-10
84 4 1 0
84 6 0 0.89164 0.10836 1 1.56199e-10
84 8 0 0.968583 0.0314168 1 8.31535e-12
84 10 0 0.965976 0.0340237 1 9.21485e-12
84 11 0 0.968829 0.0311705 1 8.25384e-12
84 13 0 0.966801 0.0331992 1 8.79452e-12
84 15 0 0.967065 0.0329354 1 8.70348e-12
84 19 0 0.968583 0.0314168 1 8.31535e-12
84 20 0 0.865579 0.134421 1 8.1916e-11
84 23 0 0.968077 0.0319234 1 8.49365e-12
84 25 1 0
84 26 0 0.962941 0.0370585 1 9.83258e-12
84 31 0 0.968822 0.0311775 1 8.29781e-12
84 32 0 0.968085 0.0319151 1 8.44103e-12
84 49 0 0.968829 0.0311705 1 8.25384e-12
84 50 0 0.655027 0.344973 1 1.76896e-09
84 56 0 0.967065 0.0329354 1 8.70348e-12
84 57 0 0.967329 0.0326711 1 8.5294e-12
84 64 0 0.968829 0.0311705 1 8.25384e-12
84 72 0 0.968828 0.0311717 1 8.26117e-12
84 78 1 0
84 79 0 0.968829 0.0311705 1 8.25384e-12
84 89 0 0.965742 0.0342578 1 9.0612e-12
84 90 0 0.935307 0.064693 1 3.02025e-11
84 91 0 0.963798 0.0362016 1 9.62941e-12
89 2 0 0.960577 0.039423 1 1.17508e-11
89 3 0 0.960822 0.0391779 1 1.12053e-11
89 4 0 0.443329 0.556671 0.895125 0.104875
89 6 0 0.965866 0.0341343 1 9.98845e-12
89 8 0 0.966969 0.0330305 1 8.77654e-12
89 10 1 0
89 11 0 0.968798 0.031202 1 8.46034e-12
89 13 0 0.949873 0.0501267 1 1.63227e-11
89 15 0 0.968553 0.0314473 1 8.51541e-12
89 19 0 0.958285 0.0417154 1 4.78841e-11
89 20 0 0.948733 0.0512673 1 1.51228e-11
89 21 0 0.956995 0.0430051 1 1.45477e-11
89 23 0 0.960114 0.0398858 1 1.14535e-11
89 25 0 0.968582 0.0314179 1 8.32268e-12
89 26 0 0.964032 0.0359684 1 9.81015e-12
89 31 1 0
89 32 0 0.962535 0.0374653 1 1.07843e-11
89 49 0 0.965432 0.0345682 1 8.96372e-12
89 50 0 0.961214 0.0387861 1 1.07547e-11
89 53 0 0.968581 0.0314191 1 8.33e-12
89 56 0 0.968334 0.0316661 1 8.38507e-12
89 57 0 0.967042 0.0329582 1 8.78453e-12
89 64 0 0.962943 0.0370573 1 9.6374e-12
89 72 0 0.968827 0.0311729 1 8.26827e-12
89 84 0 0.965742 0.0342578 1 9.0612e-12
89 90 1 0
89 91 0 0.800936 0.199064 1.62648e-13 1
90 2 0 4.7863e-06 0.999995 0 1
90 3 0 0.197504 0.802496 0.99979 0.000209778
90 4 0 0.967739 0.0322613 1 8.58424e-12
90 6 0 0.00661499 0.993385 1.00778e-07 1
90 8 0 0.880506 0.119494 1 5.34222e-11
90 10 0 0.96612 0.0338799 1 9.18021e-12
90 11 0 0.964474 0.0355257 1 9.75309e-12
90 13 0 0.966536 0.0334639 1 8.87956e-12
90 15 1 0
90 19 0 0.96732 0.0326797 1 8.65152e-12
90 20 0 0.00229943 0.997701 0 1
90 21 0 0.00507813 0.994922 2.54832e-10 1
90 23 0 0.966985 0.0330153 1 1.00531e-11
90 25 0 0.966811 0.0331889 1 8.66107e-12
90 26 0 0.343861 0.656139 1 5.53018e-08
90 31 0 0.966751 0.0332489 1 8.82472e-12
90 32 0 0.964891 0.0351087 1 1.0115e-11
90 49 0 0.967473 0.0325272 1 8.65308e-12
90 50 1 0
90 53 0 0.966797 0.0332029 1 8.81806e-12
90 56 0 0.967321 0.0326785 1 8.64397e-12
90 57 0 0.963814 0.0361858 1 9.35452e-12
90 64 0 0.965757 0.0342431 1 9.14113e-12
90 72 0 0.968332 0.0316685 1 8.39995e-12
90 78 0 0.968333 0.0316673 1 8.3924e-12
90 79 0 0.968048 0.0319523 1 8.55582e-12
90 84 0 0.935307 0.064693 1 3.02025e-11
90 89 0 0.925645 0.0743553 1 2.95191e-11
91 2 1 0
91 3 0 0.840146 0.159854 1 3.20724e-10
91 4 0 0.929898 0.0701018 1 1.15247e-07
91 6 0 0.948149 0.0518515 1 1.69231e-11
91 8 0 0.968699 0.0313007 1 8.37774e-12
91 10 0 0.966193 0.0338071 1 9.51128e-12
91 11 0 0.96882 0.0311798 1 8.31268e-12
91 13 0 0.968813 0.0311868 1 8.3582e-12
91 15 0 0.96858 0.0314203 1 8.33733e-12
91 19 0 0.968228 0.0317725 1 9.44156e-12
91 20 1 0
91 21 0 0.850741 0.149259 1 2.2492e-10
91 23 0 0.968316 0.0316838 1 8.4992e-12
91 25 0 0.968582 0.0314179 1 8.32268e-12
91 26 0 0.966034 0.0339658 1 1.10318e-11
91 31 0 0.967931 0.0320686 1 8.42459e-12
91 32 0 0.962907 0.0370926 1 1.08169e-11
91 49 0 0.0374128 0.962587 0.711013 0.288987
91 50 0 0.960215 0.0397853 1 1.07128e-11
91 53 0 0.968085 0.0319151 1 8.44103e-12
91 56 1 0
91 57 0 0.966247 0.0337529 1 9.16778e-12
91 64 0 0.572788 0.427212 0.999995 5.24305e-06
91 72 0 0.883263 0.116737 0.997331 0.00266869
91 78 0 0.968829 0.0311705 1 8.25384e-12
91 79 0 0.966598 0.0334025 1 9.24727e-12
91 84 0 0.963798 0.0362016 1 9.62941e-12
91 89 0 0.800936 0.199064 1.62648e-13 1
91 90 0 0.471746 0.528254 1 3.35251e-08
