2 6 0 6.43182e-06 0.999994 0 1
2 10 0 0.0062229 0.993777 0 1
2 11 1 1
2 20 0 4.33376e-06 0.999996 0 1
4 8 0 0.012939 0.987061 0 1
4 13 0 0.000444998 0.999555 0 1
4 19 0 0.010713 0.989287 0 1
4 79 0 0.220447 0.779553 0 1
8 4 0 0.0129466 0.987053 0 1
8 13 0 0.000191467 0.999809 0 1
8 23 0 0.787384 0.212616 0 1
10 2 0 0.00621634 0.993784 0 1
10 8 1 1
10 79 0 0.931809 0.068191 1 0
13 4 0 0.000444972 0.999555 0 1
13 8 0 0.000192264 0.999808 0 1
13 23 0 0.35519 0.64481 0 1
19 31 0 0.592449 0.407551 0 1
20 2 0 4.34126e-06 0.999996 0 1
20 3 0 0.513769 0.486231 0 1
20 6 0 8.75702e-07 0.999999 0 1
20 50 0 0.64494 0.35506 0 1
21 53 1 1
21 84 0 0.843644 0.156356 0 1
23 13 0 0.355412 0.644588 0 1
26 56 0 0.884215 0.115785 0 1
31 19 0 0.592192 0.407808 0 1
32 57 0 0.0301878 0.969812 0 1
53 21 0 0.861488 0.138512 0 1
53 84 0 0.543111 0.456889 0 1
56 25 0 0.936931 0.0630686 1 0
56 26 0 0.884197 0.115803 0 1
57 15 1 1
57 32 0 0.030192 0.969808 0 1
64 49 0 0.0483046 0.951695 0 1
79 4 0 0.220624 0.779376 0 1
84 3 0 0.928861 0.0711388 1 3.47629e-11
84 21 0 0.843644 0.156356 0 1
84 53 0 0.541358 0.458642 0 1
89 78 0 0.9207 0.0792997 0 1
89 79 0 0.924926 0.075074 0 1
90 91 0 0.743287 0.256713 0 1
2 3 1 0
2 4 0 0.926523 0.0734768 1 0
2 8 0 0.760032 0.239968 0 1
2 13 0 0.93094 0.06906 1 0
2 15 0 0.936646 0.0633539 1 0
2 19 0 0.936863 0.0631375 1 0
2 21 0 0.405657 0.594343 0 1
2 23 0 0.927016 0.0729843 1 0
2 25 0 0.935976 0.0640235 1 0
2 26 0 0.846799 0.153201 0 1
2 31 1 0
2 32 0 0.934173 0.0658265 1 0
2 49 0 0.936966 0.0630338 1 0
2 50 0 0.641393 0.358607 0 1
2 53 0 0.934524 0.0654764 1 0
2 56 0 0.936131 0.0638687 1 0
2 57 0 0.935961 0.0640393 1 0
2 64 0 0.934929 0.0650714 1 0
2 72 0 0.935709 0.0642905 1 0
2 78 0 0.936964 0.0630364 1 0
2 79 1 0
2 84 0 0.878925 0.121075 1 0
2 89 0 0.931437 0.0685631 1 0
2 90 0 0.000445918 0.999554 0 1
2 91 0 0.907952 0.0920483 1 0
3 2 0 0.778542 0.221458 0 1
3 4 0 0.931469 0.0685311 1 0
3 6 0 0.705335 0.294665 0 1
3 8 0 0.935126 0.0648739 1 0
3 10 0 0.9318 0.0681995 1 0
3 11 1 0
3 13 0 0.93459 0.0654096 1 0
3 15 0 0.934806 0.0651944 1 0
3 19 0 0.933351 0.066649 1 0
3 20 0 0.513134 0.486866 0 1
3 21 0 0.792919 0.207081 3.08303e-11 1
3 23 0 0.936232 0.0637679 1 0
3 25 0 0.927543 0.0724569 1 0
3 26 0 0.773851 0.226149 0.999994 5.74917e-06
3 31 0 0.81546 0.18454 0 1
3 32 1 0
3 49 0 0.934339 0.065661 1 0
3 50 0 0.814593 0.185407 0 1
3 53 0 0.935298 0.0647021 1 0
3 56 0 0.935561 0.0644394 1 0
3 57 0 0.933853 0.0661473 1 0
3 64 0 0.901478 0.0985219 1 0
3 72 0 0.925338 0.074662 0 1
3 78 0 0.93527 0.0647304 1 0
3 79 0 0.935857 0.0641426 1 0
3 84 1 0
3 89 0 0.929732 0.0702681 1 0
3 90 0 0.575174 0.424826 0 1
3 91 0 0.865671 0.134329 1 8.65974e-15
4 2 0 0.926523 0.0734768 1 0
4 3 0 0.931469 0.0685311 1 0
4 6 0 0.930194 0.0698063 1 0
4 10 0 0.889253 0.110747 0 1
4 11 0 0.937024 0.0629762 1 0
4 15 0 0.934673 0.0653273 1 0
4 20 1 0
4 21 0 0.932147 0.0678527 1 0
4 23 0 0.931616 0.0683844 1 0
4 25 0 0.93637 0.0636304 1 0
4 26 0 0.92459 0.0754102 1 0
4 31 0 0.923723 0.0762772 1 0
4 32 0 0.934649 0.0653508 1 0
4 49 0 0.933985 0.0660148 1 0
4 50 0 0.93456 0.06544 1 0
4 53 0 0.934392 0.0656081 1 0
4 56 1 0
4 57 0 0.933696 0.0663036 1 0
4 64 0 0.921597 0.078403 1 3.56235e-09
4 72 0 0.935984 0.0640164 1 0
4 78 0 0.93657 0.0634298 1 0
4 84 0 0.935352 0.0646476 1 0
4 89 0 0.715121 0.284879 0 1
4 90 0 0.936116 0.0638838 1 0
4 91 0 0.900443 0.0995566 1 2.9976e-14
6 2 0 6.43111e-06 0.999994 0 1
6 3 1 0
6 4 0 0.930194 0.0698063 1 0
6 8 0 0.925788 0.0742117 1 8.68194e-14
6 10 0 0.925139 0.0748613 1 0
6 11 0 0.929341 0.0706594 0 1
6 13 0 0.936895 0.0631052 1 0
6 15 0 0.936013 0.0639866 1 0
6 19 0 0.9368 0.0632004 1 0
6 20 0 8.76318e-07 0.999999 0 1
6 21 0 0.56042 0.43958 0 1
6 23 1 0
6 25 0 0.936558 0.0634425 1 0
6 26 0 0.773293 0.226707 0 1
6 31 0 0.936549 0.0634509 1 0
6 32 0 0.936133 0.0638675 1 0
6 49 0 0.936198 0.0638018 1 0
6 50 0 0.507944 0.492056 0 1
6 53 0 0.936361 0.0636388 1 0
6 56 0 0.935962 0.0640378 1 0
6 57 0 0.934366 0.0656343 1 0
6 64 1 0
6 72 0 0.936749 0.063251 1 0
6 78 0 0.936905 0.0630953 1 0
6 79 0 0.935114 0.0648857 1 0
6 84 0 0.888502 0.111498 1 0
6 89 0 0.935021 0.0649787 1 0
6 90 0 0.187474 0.812526 0 1
6 91 0 0.923594 0.0764064 1 0
8 2 0 0.760032 0.239968 0 1
8 3 0 0.935126 0.0648739 1 0
8 6 1 0
8 10 0 0.926765 0.0732346 1 0
8 11 0 0.93694 0.0630602 1 0
8 15 0 0.936931 0.0630686 1 0
8 19 0 0.885547 0.114453 1 0
8 20 0 0.936136 0.0638637 1 0
8 21 0 0.932568 0.0674319 1 0
8 25 0 0.728321 0.271679 3.06817e-07 1
8 26 0 0.930788 0.0692125 1 0
8 31 0 0.894738 0.105262 1 0
8 32 1 0
8 49 0 0.936741 0.0632594 1 0
8 50 0 0.93694 0.0630602 1 0
8 53 0 0.936545 0.0634552 1 0
8 56 0 0.936931 0.0630686 1 0
8 57 0 0.936944 0.0630559 1 0
8 64 0 0.936745 0.0632552 1 0
8 72 0 0.927293 0.0727068 1 0
8 78 0 0.934395 0.0656055 1 0
8 79 0 0.935721 0.0642787 1 0
8 84 1 0
8 89 0 0.935516 0.0644836 1 0
8 90 0 0.888487 0.111513 1 0
8 91 0 0.93686 0.0631398 1 0
10 3 0 0.9318 0.0681995 1 0
10 4 0 0.889326 0.110674 0 1
10 6 0 0.925139 0.0748613 1 0
10 11 0 0.936936 0.0630644 1 0
10 13 0 0.802991 0.197009 1 1.97952e-09
10 15 0 0.935149 0.0648506 1 0
10 19 1 0
10 20 0 0.92493 0.0750701 1 0
10 21 0 0.919867 0.0801334 1 0
10 23 0 0.784313 0.215687 0.999998 1.94501e-06
10 25 0 0.933529 0.0664705 1 0
10 26 0 0.929113 0.0708866 1 0
10 31 0 0.932722 0.067278 1 0
10 32 0 0.927551 0.0724494 1 0
10 49 0 0.932701 0.0672991 1 0
10 50 0 0.931643 0.0683569 1 0
10 53 1 0
10 56 0 0.935772 0.0642275 1 0
10 57 0 0.933843 0.0661575 1 0
10 64 0 0.93446 0.0655396 1 0
10 72 0 0.936931 0.0630686 1 0
10 78 0 0.936147 0.0638529 1 0
10 84 0 0.93487 0.0651296 1 0
10 89 0 0.932138 0.0678616 1 0
10 90 0 0.934677 0.0653228 1 0
10 91 0 0.935239 0.0647614 1 0
11 2 1 0
11 3 0 0.936969 0.0630307 1 0
11 4 0 0.937024 0.0629762 1 0
11 6 0 0.929311 0.0706888 0 1
11 8 0 0.93694 0.0630602 1 0
11 10 0 0.936936 0.0630644 1 0
11 13 0 0.936965 0.0630349 1 0
11 15 0 0.937074 0.062926 1 0
11 19 0 0.936951 0.0630488 1 0
11 20 0 0.936952 0.0630475 1 0
11 21 1 0
11 23 0 0.937091 0.0629093 1 0
11 25 0 0.936931 0.0630686 1 0
11 26 0 0.936944 0.0630559 1 0
11 31 0 0.936936 0.0630644 1 0
11 32 0 0.936909 0.063091 1 0
11 49 0 0.936965 0.0630349 1 0
11 50 0 0.936931 0.0630686 1 0
11 53 0 0.936931 0.0630686 1 0
11 56 0 0.936931 0.0630686 1 0
11 57 1 0
11 64 0 0.936931 0.0630686 1 0
11 72 0 0.93694 0.0630602 1 0
11 78 0 0.936936 0.0630644 1 0
11 79 0 0.937066 0.0629344 1 0
11 84 0 0.936931 0.0630686 1 0
11 89 0 0.937045 0.0629553 1 0
11 90 0 0.933002 0.0669983 1 0
11 91 0 0.936965 0.0630349 1 0
13 2 0 0.93094 0.06906 1 0
13 3 1 0
13 6 0 0.936895 0.0631052 1 0
13 10 0 0.802991 0.197009 1 1.97952e-09
13 11 0 0.936965 0.0630349 1 0
13 15 0 0.936549 0.0634509 1 0
13 19 0 0.927433 0.0725669 1 0
13 20 0 0.935507 0.0644934 1 0
13 21 0 0.915774 0.0842258 1 0
13 25 0 0.933001 0.0669987 1 0
13 26 0 0.936944 0.0630559 1 0
13 31 1 0
13 32 0 0.93504 0.0649601 1 0
13 49 0 0.936344 0.0636558 1 0
13 50 0 0.935958 0.064042 1 0
13 53 0 0.933949 0.066051 1 0
13 56 0 0.936931 0.0630686 1 0
13 57 0 0.935558 0.0644422 1 0
13 64 0 0.931737 0.0682635 1 0
13 72 0 0.93576 0.0642404 1 0
13 78 0 0.936965 0.0630349 1 0
13 79 1 0
13 84 0 0.935365 0.0646347 1 0
13 89 0 0.920821 0.0791788 1 0
13 90 0 0.935174 0.0648264 1 0
13 91 0 0.93699 0.0630097 1 0
15 2 0 0.936646 0.0633539 1 0
15 3 0 0.934806 0.0651944 1 0
15 4 0 0.934673 0.0653273 1 0
15 6 0 0.936013 0.0639866 1 0
15 8 0 0.936931 0.0630686 1 0
15 10 1 0
15 11 0 0.937074 0.062926 1 0
15 13 0 0.936549 0.0634509 1 0
15 19 0 0.936635 0.063365 1 0
15 20 0 0.93576 0.0642404 1 0
15 21 0 0.934254 0.0657464 1 0
15 23 0 0.936596 0.0634045 1 0
15 25 0 0.93694 0.0630602 1 0
15 26 0 0.936779 0.0632215 1 0
15 31 0 0.936745 0.0632552 1 0
15 32 1 0
15 49 0 0.934932 0.0650683 1 0
15 50 0 0.935755 0.0642446 1 0
15 53 0 0.935561 0.0644394 1 0
15 56 0 0.93597 0.0640302 1 0
15 57 0 0.936549 0.0634509 1 0
15 64 0 0.934175 0.0658248 1 0
15 72 0 0.936936 0.0630644 1 0
15 78 0 0.936931 0.0630686 1 0
15 79 0 0.935212 0.0647877 1 0
15 84 1 0
15 89 0 0.936846 0.0631542 1 0
15 90 0 0.935541 0.0644593 1 0
15 91 0 0.936749 0.063251 1 0
19 2 0 0.936863 0.0631375 1 0
19 3 0 0.933351 0.066649 1 0
19 4 0 0.0107137 0.989286 0 1
19 6 0 0.9368 0.0632004 1 0
19 8 0 0.885547 0.114453 1 0
19 10 0 0.931683 0.0683169 1 0
19 11 1 0
19 13 0 0.927433 0.0725669 1 0
19 15 0 0.936635 0.063365 1 0
19 20 0 0.936622 0.0633776 1 0
19 21 0 0.935256 0.0647442 1 0
19 23 0 0.934416 0.0655835 1 0
19 25 0 0.685306 0.314694 0 1
19 26 0 0.936944 0.0630559 1 0
19 32 0 0.936146 0.0638538 1 0
19 49 0 0.931336 0.0686637 1 0
19 50 1 0
19 53 0 0.936736 0.0632637 1 0
19 56 0 0.936741 0.0632594 1 0
19 57 0 0.934798 0.0652016 1 0
19 64 0 0.928458 0.0715417 1 0
19 72 0 0.92256 0.07744 1 0
19 78 0 0.920768 0.0792316 1 0
19 79 0 0.932095 0.0679046 1 0
19 84 0 0.936736 0.0632637 1 0
19 89 0 0.924878 0.0751221 0.00824084 0.991759
19 90 1 0
19 91 0 0.936557 0.063443 1 0
20 4 0 0.931004 0.0689965 1 0
20 8 0 0.936136 0.0638637 1 0
20 10 0 0.92493 0.0750701 1 0
20 11 0 0.936952 0.0630475 1 0
20 13 0 0.935507 0.0644934 1 0
20 15 0 0.93576 0.0642404 1 0
20 19 0 0.936622 0.0633776 1 0
20 21 0 0.632892 0.367108 0 1
20 23 1 0
20 25 0 0.935176 0.0648239 1 0
20 26 0 0.913808 0.0861915 1 0
20 31 0 0.936829 0.063171 1 0
20 32 0 0.902621 0.0973791 1 0
20 49 0 0.935512 0.0644882 1 0
20 53 0 0.934079 0.0659213 1 0
20 56 0 0.936151 0.0638486 1 0
20 57 0 0.895584 0.104416 1.72418e-13 1
20 64 0 0.93617 0.06383 1 0
20 72 1 0
20 78 0 0.936901 0.0630995 1 0
20 79 0 0.935651 0.0643493 1 0
20 84 0 0.885539 0.114461 1 0
20 89 0 0.922328 0.0776724 1 0
20 90 0 0.0398904 0.96011 0 1
20 91 0 0.911912 0.0880877 1 0
21 2 0 0.405657 0.594343 0 1
21 3 0 0.792919 0.207081 3.08303e-11 1
21 4 0 0.932147 0.0678527 1 0
21 6 1 0
21 8 0 0.932568 0.0674319 1 0
21 10 0 0.919867 0.0801334 1 0
21 11 0 0.936091 0.0639086 1 0
21 13 0 0.915774 0.0842258 1 0
21 15 0 0.934254 0.0657464 1 0
21 19 0 0.935256 0.0647442 1 0
21 20 0 0.632892 0.367108 0 1
21 23 0 0.933123 0.0668775 1 0
21 25 0 0.935768 0.0642318 1 0
21 26 1 0
21 31 0 0.936352 0.0636481 1 0
21 32 0 0.934852 0.0651478 1 0
21 49 0 0.933288 0.0667119 1 0
21 50 0 0.72282 0.27718 3.45176e-08 1
21 56 0 0.935169 0.0648307 1 0
21 57 0 0.932907 0.0670931 1 0
21 64 0 0.935957 0.0640433 1 0
21 72 0 0.935319 0.0646806 1 0
21 78 0 0.93677 0.0632299 1 0
21 79 1 0
21 89 0 0.926837 0.0731631 1 0
21 90 0 0.154222 0.845778 0 1
21 91 0 0.86769 0.13231 1 0
23 2 0 0.927016 0.0729843 1 0
23 3 0 0.936232 0.0637679 1 0
23 4 0 0.931616 0.0683844 1 0
23 6 0 0.92863 0.0713698 1 0
23 8 0 0.787932 0.212068 0 1
23 10 0 0.784313 0.215687 0.999998 1.94501e-06
23 11 1 0
23 15 0 0.936596 0.0634045 1 0
23 19 0 0.934416 0.0655835 1 0
23 20 0 0.934034 0.0659664 1 0
23 21 0 0.933123 0.0668775 1 0
23 25 0 0.936177 0.0638231 1 0
23 26 0 0.936774 0.0632257 1 0
23 31 0 0.935374 0.0646261 1 0
23 32 0 0.933416 0.0665843 1 0
23 49 0 0.936596 0.0634045 1 0
23 50 1 0
23 53 0 0.93478 0.0652203 1 0
23 56 0 0.936143 0.0638568 1 0
23 57 0 0.935866 0.0641337 1 0
23 64 0 0.935977 0.0640231 1 0
23 72 0 0.933525 0.0664749 1 0
23 78 0 0.93694 0.0630602 1 0
23 79 0 0.936127 0.0638729 1 0
23 84 0 0.936374 0.0636261 1 0
23 89 0 0.930913 0.0690873 1 0
23 90 1 0
23 91 0 0.936608 0.0633918 1 0
25 2 0 0.935976 0.0640235 1 0
25 3 0 0.927543 0.0724569 1 0
25 4 0 0.93637 0.0636304 1 0
25 6 0 0.936558 0.0634425 1 0
25 8 0 0.728321 0.271679 3.06817e-07 1
25 10 0 0.933529 0.0664705 1 0
25 11 0 0.936931 0.0630686 1 0
25 13 0 0.933001 0.0669987 1 0
25 15 1 0
25 19 0 0.685306 0.314694 0 1
25 20 0 0.935176 0.0648239 1 0
25 21 0 0.935768 0.0642318 1 0
25 23 0 0.936177 0.0638231 1 0
25 26 0 0.936931 0.0630686 1 0
25 31 0 0.74232 0.25768 2.59817e-05 0.999974
25 32 0 0.935425 0.0645747 1 0
25 49 0 0.936936 0.0630644 1 0
25 50 0 0.936361 0.0636388 1 0
25 53 1 0
25 56 0 0.936931 0.0630686 1 0
25 57 0 0.936344 0.0636558 1 0
25 64 0 0.936164 0.0638358 1 0
25 72 0 0.845423 0.154577 1 2.22045e-15
25 78 0 0.716132 0.283868 0 1
25 79 0 0.936936 0.0630644 1 0
25 84 0 0.936936 0.0630644 1 0
25 89 0 0.936741 0.0632594 1 0
25 90 0 0.935225 0.0647746 1 0
25 91 1 0
26 2 0 0.84678 0.15322 0 1
26 3 0 0.773851 0.226149 0.999994 5.74917e-06
26 4 0 0.92459 0.0754102 1 0
26 6 0 0.773476 0.226524 0 1
26 8 0 0.930788 0.0692125 1 0
26 10 0 0.929113 0.0708866 1 0
26 11 0 0.936944 0.0630559 1 0
26 13 0 0.936944 0.0630559 1 0
26 15 0 0.936779 0.0632215 1 0
26 19 1 0
26 20 0 0.913808 0.0861915 1 0
26 21 0 0.787795 0.212205 2.20479e-05 0.999978
26 23 0 0.936774 0.0632257 1 0
26 25 0 0.936931 0.0630686 1 0
26 31 0 0.936936 0.0630644 1 0
26 32 0 0.936774 0.0632257 1 0
26 49 0 0.936891 0.0631094 1 0
26 50 0 0.923047 0.0769531 1 0
26 53 0 0.936931 0.0630686 1 0
26 57 1 0
26 64 0 0.936931 0.0630686 1 0
26 72 0 0.931919 0.0680807 1 0
26 78 0 0.936931 0.0630686 1 0
26 79 0 0.935016 0.0649841 1 0
26 84 0 0.932486 0.0675139 1 0
26 89 0 0.933396 0.0666038 1 0
26 90 0 0.712903 0.287097 0.0132091 0.986791
26 91 0 0.935738 0.0642621 1 0
31 2 0 0.936992 0.063008 1 0
31 3 1 0
31 4 0 0.923723 0.0762772 1 0
31 6 0 0.936549 0.0634509 1 0
31 8 0 0.894738 0.105262 1 0
31 10 0 0.932722 0.067278 1 0
31 11 0 0.936936 0.0630644 1 0
31 13 0 0.931831 0.0681688 1 0
31 15 0 0.936745 0.0632552 1 0
31 20 0 0.936829 0.063171 1 0
31 21 0 0.936352 0.0636481 1 0
31 23 1 0
31 25 0 0.74232 0.25768 2.59817e-05 0.999974
31 26 0 0.936936 0.0630644 1 0
31 32 0 0.898848 0.101152 1 3.9968e-15
31 49 0 0.936948 0.0630517 1 0
31 50 0 0.936562 0.0634383 1 0
31 53 0 0.936931 0.0630686 1 0
31 56 0 0.936931 0.0630686 1 0
31 57 0 0.937003 0.0629971 1 0
31 64 0 0.913144 0.0868562 0 1
31 72 1 0
31 78 0 0.931799 0.0682007 1 2.76688e-11
31 79 0 0.933573 0.0664269 1 0
31 84 0 0.936957 0.0630433 1 0
31 89 0 0.923509 0.0764909 1 0
31 90 0 0.935354 0.0646461 1 0
31 91 0 0.93585 0.0641496 1 0
32 2 0 0.934173 0.0658265 1 0
32 3 0 0.934186 0.0658138 1 0
32 4 0 0.934649 0.0653508 1 0
32 6 1 0
32 8 0 0.936753 0.0632468 1 0
32 10 0 0.927551 0.0724494 1 0
32 11 0 0.936909 0.063091 1 0
32 13 0 0.93504 0.0649601 1 0
32 15 0 0.936596 0.0634045 1 0
32 19 0 0.936146 0.0638538 1 0
32 20 0 0.902621 0.0973791 1 0
32 21 0 0.934852 0.0651478 1 0
32 23 0 0.933416 0.0665843 1 0
32 25 1 0
32 26 0 0.936774 0.0632257 1 0
32 31 0 0.898848 0.101152 1 3.9968e-15
32 49 0 0.935732 0.0642684 1 0
32 50 0 0.936365 0.0636346 1 0
32 53 0 0.929662 0.0703379 1 0
32 56 0 0.936541 0.0634594 1 0
32 64 0 0.932855 0.0671453 1 0
32 72 0 0.936931 0.0630686 1 0
32 78 0 0.936524 0.0634755 1 0
32 79 1 0
32 84 0 0.936344 0.0636558 1 0
32 89 0 0.929553 0.0704472 1 0
32 90 0 0.932491 0.0675095 1 0
32 91 0 0.931954 0.0680464 1 0
49 2 0 0.936966 0.0630338 1 0
49 3 0 0.934339 0.065661 1 0
49 4 0 0.933985 0.0660148 1 0
49 6 0 0.936198 0.0638018 1 0
49 8 0 0.936741 0.0632594 1 0
49 10 1 0
49 11 0 0.936965 0.0630349 1 0
49 13 0 0.936344 0.0636558 1 0
49 15 0 0.934932 0.0650683 1 0
49 19 0 0.931336 0.0686637 1 0
49 20 0 0.935512 0.0644882 1 0
49 21 0 0.933288 0.0667119 1 0
49 23 0 0.936596 0.0634045 1 0
49 25 0 0.936936 0.0630644 1 0
49 26 0 0.936891 0.0631094 1 0
49 31 1 0
49 32 0 0.935732 0.0642684 1 0
49 50 0 0.935825 0.0641748 1 0
49 53 0 0.936157 0.0638426 1 0
49 56 0 0.917874 0.0821255 1 0
49 57 0 0.934469 0.0655307 1 0
49 64 0 0.0482978 0.951702 0 1
49 72 0 0.936936 0.0630644 1 0
49 78 0 0.936936 0.0630644 1 0
49 79 0 0.604701 0.395299 0 1
49 84 1 0
49 89 0 0.934089 0.0659114 1 0
49 90 0 0.935358 0.0646419 1 0
49 91 0 0.359246 0.640754 0 1
50 2 0 0.641393 0.358607 0 1
50 3 0 0.814856 0.185144 0 1
50 4 0 0.93456 0.06544 1 0
50 6 0 0.50787 0.49213 0 1
50 8 0 0.93694 0.0630602 1 0
50 10 0 0.931643 0.0683569 1 0
50 11 1 0
50 13 0 0.935958 0.064042 1 0
50 15 0 0.935755 0.0642446 1 0
50 19 0 0.936558 0.0634425 1 0
50 20 0 0.644902 0.355098 0 1
50 21 0 0.72282 0.27718 3.45176e-08 1
50 23 0 0.932339 0.0676611 1 0
50 25 0 0.936361 0.0636388 1 0
50 26 0 0.923047 0.0769531 1 0
50 31 0 0.936562 0.0634383 1 0
50 32 1 0
50 49 0 0.935825 0.0641748 1 0
50 53 0 0.936147 0.0638529 1 0
50 56 0 0.935949 0.0640506 1 0
50 57 0 0.936562 0.0634383 1 0
50 64 0 0.936558 0.0634425 1 0
50 72 0 0.936562 0.0634383 1 0
50 78 0 0.936948 0.0630517 1 0
50 79 0 0.935552 0.0644479 1 0
50 84 0 0.822627 0.177373 1 1.09224e-12
50 89 1 0
50 90 0 0.897857 0.102143 1 0
50 91 0 0.930609 0.0693913 1 0
53 2 0 0.934524 0.0654764 1 0
53 3 0 0.935298 0.0647021 1 0
53 4 0 0.934392 0.0656081 1 0
53 6 0 0.936361 0.0636388 1 0
53 8 0 0.936545 0.0634552 1 0
53 10 0 0.933331 0.0666687 1 0
53 11 0 0.936931 0.0630686 1 0
53 13 1 0
53 15 0 0.935561 0.0644394 1 0
53 19 0 0.936736 0.0632637 1 0
53 20 0 0.934079 0.0659213 1 0
53 23 0 0.93478 0.0652203 1 0
53 25 0 0.936931 0.0630686 1 0
53 26 0 0.936931 0.0630686 1 0
53 31 0 0.936931 0.0630686 1 0
53 32 0 0.929662 0.0703379 1 0
53 49 0 0.936157 0.0638426 1 0
53 50 1 0
53 56 0 0.936541 0.0634594 1 0
53 57 0 0.931949 0.0680514 1 0
53 64 0 0.936359 0.0636415 1 0
53 72 0 0.936931 0.0630686 1 0
53 78 0 0.936931 0.0630686 1 0
53 79 0 0.936936 0.0630644 1 0
53 89 0 0.936745 0.0632552 1 0
53 90 0 0.935378 0.0646218 1 0
53 91 0 0.936344 0.0636558 1 0
56 2 1 0
56 3 0 0.935561 0.0644394 1 0
56 4 0 0.935949 0.0640506 1 0
56 6 0 0.935962 0.0640378 1 0
56 8 0 0.936931 0.0630686 1 0
56 10 0 0.935772 0.0642275 1 0
56 11 0 0.936931 0.0630686 1 0
56 13 0 0.936931 0.0630686 1 0
56 15 0 0.93597 0.0640302 1 0
56 19 0 0.936741 0.0632594 1 0
56 20 1 0
56 21 0 0.935169 0.0648307 1 0
56 23 0 0.936143 0.0638568 1 0
56 31 0 0.936931 0.0630686 1 0
56 32 0 0.936541 0.0634594 1 0
56 49 0 0.917874 0.0821255 1 0
56 50 0 0.935949 0.0640506 1 0
56 53 0 0.936541 0.0634594 1 0
56 57 0 0.936344 0.0636558 1 0
56 64 0 0.934586 0.0654139 1 0
56 72 1 0
56 78 0 0.936736 0.0632637 1 0
56 79 0 0.916121 0.083879 1 0
56 84 0 0.935552 0.0644479 1 0
56 89 0 0.936545 0.0634552 1 0
56 90 0 0.935755 0.0642446 1 0
56 91 0 0.93456 0.06544 1 0
57 2 0 0.935961 0.0640393 1 0
57 3 0 0.933853 0.0661473 1 0
57 4 0 0.933696 0.0663036 1 0
57 6 1 0
57 8 0 0.936944 0.0630559 1 0
57 10 0 0.933843 0.0661575 1 0
57 11 0 0.936944 0.0630559 1 0
57 13 0 0.935558 0.0644422 1 0
57 19 0 0.934798 0.0652016 1 0
57 20 0 0.895584 0.104416 1.72418e-13 1
57 21 0 0.932907 0.0670931 1 0
57 23 0 0.935866 0.0641337 1 0
57 25 0 0.936344 0.0636558 1 0
57 26 1 0
57 31 0 0.937003 0.0629971 1 0
57 49 0 0.934469 0.0655307 1 0
57 50 0 0.936562 0.0634383 1 0
57 53 0 0.931949 0.0680514 1 0
57 56 0 0.936344 0.0636558 1 0
57 64 0 0.931797 0.0682028 1 8.14637e-12
57 72 0 0.936952 0.0630475 1 0
57 78 0 0.936931 0.0630686 1 0
57 79 0 0.931818 0.0681819 1 0
57 84 1 0
57 89 0 0.935525 0.0644752 1 0
57 90 0 0.93277 0.0672299 1 0
57 91 0 0.934411 0.0655891 1 0
64 2 0 0.934929 0.0650714 1 0
64 3 0 0.901478 0.0985219 1 0
64 4 0 0.921597 0.078403 1 3.56235e-09
64 6 0 0.935591 0.0644094 1 0
64 8 0 0.936745 0.0632552 1 0
64 10 0 0.93446 0.0655396 1 0
64 11 1 0
64 13 0 0.931737 0.0682635 1 0
64 15 0 0.934175 0.0658248 1 0
64 19 0 0.928458 0.0715417 1 0
64 20 0 0.93617 0.06383 1 0
64 21 0 0.935957 0.0640433 1 0
64 23 0 0.935977 0.0640231 1 0
64 25 0 0.936164 0.0638358 1 0
64 26 0 0.936931 0.0630686 1 0
64 31 0 0.913144 0.0868562 0 1
64 32 1 0
64 50 0 0.936558 0.0634425 1 0
64 53 0 0.936359 0.0636415 1 0
64 56 0 0.934586 0.0654139 1 0
64 57 0 0.931797 0.0682028 1 8.14637e-12
64 72 0 0.936741 0.0632594 1 0
64 78 0 0.93692 0.0630796 1 0
64 79 0 0.884875 0.115125 0 1
64 84 0 0.936931 0.0630686 1 0
64 89 0 0.931282 0.0687181 1 0
64 90 1 0
64 91 0 0.697719 0.302281 0 1
72 2 0 0.935709 0.0642905 1 0
72 3 0 0.925338 0.0746619 0 1
72 4 0 0.935984 0.0640164 1 0
72 6 0 0.936749 0.063251 1 0
72 8 0 0.927293 0.0727068 1 0
72 10 0 0.936931 0.0630686 1 0
72 11 0 0.93694 0.0630602 1 0
72 13 0 0.93576 0.0642404 1 0
72 15 1 0
72 19 0 0.92256 0.07744 1 0
72 20 0 0.936348 0.0636516 1 0
72 21 0 0.935319 0.0646806 1 0
72 23 0 0.933525 0.0664749 1 0
72 25 0 0.845423 0.154577 1 2.22045e-15
72 26 0 0.931919 0.0680807 1 0
72 31 0 0.917398 0.0826018 1 0
72 32 0 0.936931 0.0630686 1 0
72 49 0 0.936936 0.0630644 1 0
72 50 1 0
72 53 0 0.936931 0.0630686 1 0
72 56 0 0.936931 0.0630686 1 0
72 57 0 0.936952 0.0630475 1 0
72 64 0 0.936741 0.0632594 1 0
72 78 0 0.912156 0.0878443 1 0
72 79 0 0.936931 0.0630686 1 0
72 84 0 0.936936 0.0630644 1 0
72 89 0 0.93694 0.0630602 1 0
72 90 0 0.936553 0.0634467 1 0
72 91 1 0
78 2 0 0.936964 0.0630364 1 0
78 3 0 0.93527 0.0647304 1 0
78 4 0 0.93657 0.0634298 1 0
78 6 0 0.936905 0.0630953 1 0
78 8 0 0.934395 0.0656055 1 0
78 10 0 0.936147 0.0638529 1 0
78 11 0 0.936936 0.0630644 1 0
78 13 0 0.936965 0.0630349 1 0
78 15 0 0.936931 0.0630686 1 0
78 19 1 0
78 20 0 0.936901 0.0630995 1 0
78 21 0 0.93677 0.0632299 1 0
78 23 0 0.93694 0.0630602 1 0
78 25 0 0.716132 0.283868 0 1
78 26 0 0.936931 0.0630686 1 0
78 31 0 0.931799 0.0682007 1 2.76688e-11
78 32 0 0.936524 0.0634755 1 0
78 49 0 0.936936 0.0630644 1 0
78 50 0 0.936948 0.0630517 1 0
78 53 1 0
78 56 0 0.936736 0.0632637 1 0
78 57 0 0.936931 0.0630686 1 0
78 64 0 0.93692 0.0630796 1 0
78 72 0 0.912156 0.0878443 1 0
78 79 0 0.936762 0.0632384 1 0
78 84 0 0.936982 0.0630181 1 0
78 89 0 0.92078 0.0792204 0 1
78 90 0 0.936549 0.0634509 1 0
78 91 0 0.936931 0.0630686 1 0
79 2 1 0
79 3 0 0.935857 0.0641426 1 0
79 6 0 0.935114 0.0648857 1 0
79 8 0 0.935721 0.0642787 1 0
79 10 0 0.931809 0.068191 1 0
79 11 0 0.937066 0.0629344 1 0
79 13 0 0.932755 0.0672446 1 0
79 15 0 0.935212 0.0647877 1 0
79 19 0 0.932095 0.0679046 1 0
79 20 0 0.935651 0.0643493 1 0
79 21 1 0
79 23 0 0.936127 0.0638729 1 0
79 25 0 0.936936 0.0630644 1 0
79 26 0 0.935016 0.0649841 1 0
79 31 0 0.933573 0.0664269 1 0
79 32 0 0.930121 0.0698787 1 0
79 49 0 0.604701 0.395299 0 1
79 50 0 0.935552 0.0644479 1 0
79 53 0 0.936936 0.0630644 1 0
79 56 0 0.916121 0.083879 1 0
79 57 1 0
79 64 0 0.884875 0.115125 0 1
79 72 0 0.936931 0.0630686 1 0
79 78 0 0.936762 0.0632384 1 0
79 84 0 0.936931 0.0630686 1 0
79 89 0 0.924947 0.0750534 0 1
79 90 0 0.936265 0.0637352 1 0
79 91 0 0.934667 0.0653333 1 0
84 2 0 0.878925 0.121075 1 0
84 4 0 0.935352 0.0646476 1 0
84 6 1 0
84 8 0 0.936736 0.0632637 1 0
84 10 0 0.93487 0.0651296 1 0
84 11 0 0.936931 0.0630686 1 0
84 13 0 0.935365 0.0646347 1 0
84 15 0 0.935552 0.0644479 1 0
84 19 0 0.936736 0.0632637 1 0
84 20 0 0.885539 0.114461 1 0
84 23 0 0.936374 0.0636261 1 0
84 25 0 0.936936 0.0630644 1 0
84 26 1 0
84 31 0 0.936957 0.0630433 1 0
84 32 0 0.936344 0.0636558 1 0
84 49 0 0.936931 0.0630686 1 0
84 50 0 0.822627 0.177373 1 1.09224e-12
84 56 0 0.935552 0.0644479 1 0
84 57 0 0.935625 0.0643754 1 0
84 64 0 0.936931 0.0630686 1 0
84 72 0 0.936936 0.0630644 1 0
84 78 0 0.936982 0.0630181 1 0
84 79 1 0
84 89 0 0.934551 0.0654487 1 0
84 90 0 0.915314 0.0846862 1 0
84 91 0 0.933134 0.0668663 1 0
89 2 0 0.931437 0.0685631 1 0
89 3 0 0.929732 0.0702681 1 0
89 4 0 0.715121 0.284879 0 1
89 6 0 0.935021 0.0649787 1 0
89 8 0 0.935516 0.0644836 1 0
89 10 0 0.932138 0.0678616 1 0
89 11 1 0
89 13 0 0.920821 0.0791788 1 0
89 15 0 0.936846 0.0631542 1 0
89 19 0 0.924878 0.0751221 0.00824084 0.991759
89 20 0 0.922328 0.0776724 1 0
89 21 0 0.926837 0.0731631 1 0
89 23 0 0.930913 0.0690873 1 0
89 25 0 0.936741 0.0632594 1 0
89 26 0 0.933396 0.0666038 1 0
89 31 0 0.923509 0.0764909 1 0
89 32 1 0
89 49 0 0.934089 0.0659114 1 0
89 50 0 0.931417 0.0685833 1 0
89 53 0 0.936745 0.0632552 1 0
89 56 0 0.936545 0.0634552 1 0
89 57 0 0.935525 0.0644752 1 0
89 64 0 0.931282 0.0687181 1 0
89 72 0 0.93694 0.0630602 1 0
89 84 0 0.934551 0.0654487 1 0
89 90 0 0.902057 0.0979425 1 0
89 91 1 0
90 2 0 0.000446123 0.999554 0 1
90 3 0 0.575174 0.424826 0 1
90 4 0 0.936116 0.0638838 1 0
90 6 0 0.187474 0.812526 0 1
90 8 0 0.888487 0.111513 1 0
90 10 0 0.934677 0.0653228 1 0
90 11 0 0.933002 0.0669983 1 0
90 13 0 0.935174 0.0648264 1 0
90 15 0 0.935541 0.0644593 1 0
90 19 1 0
90 20 0 0.0398904 0.96011 0 1
90 21 0 0.154222 0.845778 0 1
90 23 0 0.93509 0.0649099 1 0
90 25 0 0.935225 0.0647746 1 0
90 26 0 0.712903 0.287097 0.0132091 0.986791
90 31 0 0.935354 0.0646461 1 0
90 32 0 0.932491 0.0675095 1 0
90 49 0 0.935358 0.0646419 1 0
90 50 0 0.897857 0.102143 1 0
90 53 1 0
90 56 0 0.935755 0.0642446 1 0
90 57 0 0.93277 0.0672299 1 0
90 64 0 0.933566 0.0664341 1 0
90 72 0 0.936553 0.0634467 1 0
90 78 0 0.936549 0.0634509 1 0
90 79 0 0.936265 0.0637352 1 0
90 84 0 0.915314 0.0846862 1 0
90 89 0 0.902057 0.0979425 1 0
91 2 0 0.907952 0.0920483 1 0
91 3 1 0
91 4 0 0.900443 0.0995566 1 2.9976e-14
91 6 0 0.923594 0.0764064 1 0
91 8 0 0.93686 0.0631398 1 0
91 10 0 0.935239 0.0647614 1 0
91 11 0 0.936965 0.0630349 1 0
91 13 0 0.93699 0.0630097 1 0
91 15 0 0.936749 0.063251 1 0
91 19 0 0.936557 0.063443 1 0
91 20 0 0.911912 0.0880877 1 0
91 21 1 0
91 23 0 0.936608 0.0633918 1 0
91 25 0 0.936741 0.0632594 1 0
91 26 0 0.935738 0.0642621 1 0
91 31 0 0.93585 0.0641496 1 0
91 32 0 0.931954 0.0680464 1 0
91 49 0 0.359246 0.640754 0 1
91 50 0 0.930609 0.0693913 1 0
91 53 0 0.936344 0.0636558 1 0
91 56 0 0.93456 0.06544 1 0
91 57 1 0
91 64 0 0.697719 0.302281 0 1
91 72 0 0.810537 0.189463 0 1
91 78 0 0.936931 0.0630686 1 0
91 79 0 0.934667 0.0653333 1 0
91 84 0 0.933134 0.0668663 1 0
91 89 0 0.839043 0.160957 0 1
91 90 0 0.743401 0.256599 0 1
