2 6 0 1e-07 1 0 1
2 10 0 0.00301627 0.996984 0 1
2 11 0 0.913032 0.0869676 0 1
2 20 1 1
4 8 0 0.0253943 0.974606 0 1
4 13 0 0.000996996 0.999003 0 1
4 19 0 0.0364069 0.963593 0 1
4 79 0 0.199172 0.800828 0 1
8 4 0 0.0252879 0.974712 0 1
8 13 0 0.000126139 0.999874 0 1
8 23 0 0.786845 0.213155 0 1
10 2 0 0.0030119 0.996988 0 1
10 8 0 0.920134 0.0798656 1 0
10 79 1 1
13 4 0 0.000993656 0.999006 0 1
13 8 0 0.000125522 0.999874 0 1
13 23 0 0.0117226 0.988277 0 1
19 31 0 0.104347 0.895653 0 1
20 2 0 4.16859e-07 1 0 1
20 3 0 0.371785 0.628215 0 1
20 6 0 1e-07 1 0 1
20 50 0 0.0795473 0.920453 0 1
21 53 0 0.869597 0.130403 0 1
21 84 1 1
23 13 0 0.0117076 0.988292 0 1
26 56 0 0.905961 0.0940388 0 1
31 19 0 0.104502 0.895498 0 1
32 57 0 4.03776e-05 0.99996 0 1
53 21 0 0.869341 0.130659 0 1
53 84 0 0.643869 0.356131 0 1
56 25 0 0.949351 0.050649 1 0
56 26 0 0.906107 0.0938928 0 1
57 15 0 0.948386 0.0516135 1 0
57 32 1 1
64 49 0 0.00585399 0.994146 0 1
79 4 0 0.198515 0.801485 0 1
84 3 0 0.931927 0.0680728 0 1
84 21 0 0.655418 0.344582 1 6.38336e-10
84 53 0 0.646858 0.353142 0 1
89 78 0 0.939719 0.060281 0 1
89 79 0 0.937942 0.0620576 0 1
90 91 0 0.278862 0.721138 0 1
2 3 0 0.3302 0.6698 0 1
2 4 1 0
2 8 0 0.00357805 0.996422 0 1
2 13 0 0.937503 0.0624971 1 0
2 15 0 0.947981 0.0520186 1 0
2 19 0 0.948364 0.0516358 1 0
2 21 0 0.00178779 0.998212 0 1
2 23 0 0.90571 0.0942904 1 0
2 25 0 0.945542 0.0544583 1 0
2 26 0 0.351059 0.648941 8.46573e-05 0.999915
2 31 0 0.947816 0.0521837 1 0
2 32 1 0
2 49 0 0.948586 0.0514139 1 0
2 50 0 0.0489686 0.951031 0 1
2 53 0 0.943281 0.0567191 1 0
2 56 0 0.946901 0.0530995 1 0
2 57 0 0.946626 0.0533744 1 0
2 64 0 0.945194 0.0548055 1 0
2 72 0 0.946038 0.0539624 1 0
2 78 0 0.948909 0.0510907 1 0
2 79 0 0.946477 0.053523 1 0
2 84 1 0
2 89 0 0.931347 0.0686535 1 0
2 90 0 4.38163e-06 0.999996 0 1
2 91 0 0.843619 0.156381 1 0
3 2 0 0.3302 0.6698 0 1
3 4 0 0.937582 0.0624183 1 0
3 6 0 0.243315 0.756685 0 1
3 8 0 0.938293 0.0617074 1 0
3 10 0 0.937876 0.0621239 1 0
3 11 0 0.949196 0.0508042 1 0
3 13 1 0
3 15 0 0.943784 0.0562163 1 0
3 19 0 0.939945 0.0600549 1 0
3 20 0 0.372904 0.627096 0 1
3 21 0 0.479753 0.520247 1.78335e-12 1
3 23 0 0.947118 0.0528824 1 0
3 25 0 0.934598 0.0654018 1 0
3 26 0 0.336259 0.663741 1 3.26146e-11
3 31 0 0.759854 0.240146 0 1
3 32 0 0.943431 0.0565686 1 0
3 49 1 0
3 50 0 0.744583 0.255417 0 1
3 53 0 0.94706 0.0529401 1 0
3 56 0 0.945988 0.0540117 1 0
3 57 0 0.944122 0.0558783 1 0
3 64 0 0.886757 0.113243 1 0
3 72 0 0.935694 0.0643062 0 1
3 78 0 0.944268 0.0557316 1 0
3 79 0 0.947364 0.0526356 1 0
3 84 0 0.931912 0.0680881 0.999985 1.48584e-05
3 89 1 0
3 90 0 0.120935 0.879065 0 1
3 91 0 0.773273 0.226727 1 1.65423e-13
4 2 0 0.93327 0.06673 1 0
4 3 0 0.937582 0.0624183 1 0
4 6 0 0.941626 0.0583736 1 0
4 10 0 0.878944 0.121056 0 1
4 11 0 0.948971 0.0510294 1 0
4 15 0 0.942964 0.0570361 1 0
4 20 0 0.941073 0.0589271 1 0
4 21 1 0
4 23 0 0.935456 0.0645436 1 0
4 25 0 0.947844 0.0521556 1 0
4 26 0 0.913995 0.0860053 1 0
4 31 0 0.926029 0.0739715 1 0
4 32 0 0.94348 0.0565203 1 0
4 49 0 0.941934 0.0580662 1 0
4 50 0 0.943464 0.0565365 1 0
4 53 0 0.942794 0.0572056 1 0
4 56 0 0.946996 0.0530038 1 0
4 57 1 0
4 64 0 0.931066 0.0689339 1 0
4 72 0 0.946852 0.0531478 1 0
4 78 0 0.948299 0.0517013 1 0
4 84 0 0.945533 0.0544671 1 0
4 89 0 0.245216 0.754784 0 1
4 90 0 0.947119 0.0528809 1 0
4 91 0 0.850539 0.149461 1 4.48334e-07
6 2 0 1e-07 1 0 1
6 3 0 0.243163 0.756837 0 1
6 4 1 0
6 8 0 0.876965 0.123035 0 1
6 10 0 0.937677 0.0623229 1 0
6 11 0 0.941904 0.058096 0 1
6 13 0 0.948883 0.0511174 1 0
6 15 0 0.946726 0.0532743 1 0
6 19 0 0.948627 0.051373 1 0
6 20 0 1e-07 1 0 1
6 21 0 0.0282622 0.971738 0 1
6 23 0 0.925318 0.0746821 1 0
6 25 1 0
6 26 0 0.221355 0.778645 0 1
6 31 0 0.948386 0.0516135 1 0
6 32 0 0.946566 0.0534342 1 0
6 49 0 0.947261 0.0527389 1 0
6 50 0 0.0220599 0.97794 0 1
6 53 0 0.94788 0.0521201 1 0
6 56 0 0.946942 0.0530577 1 0
6 57 0 0.94291 0.0570896 1 0
6 64 0 0.94586 0.05414 1 0
6 72 1 0
6 78 0 0.949152 0.0508481 1 0
6 79 0 0.94453 0.0554698 1 0
6 84 0 0.790425 0.209575 1 0
6 89 0 0.942762 0.0572378 1 0
6 90 0 0.00144588 0.998554 0 1
6 91 0 0.905677 0.0943226 1 0
8 2 0 0.00357805 0.996422 0 1
8 3 0 0.938293 0.0617074 1 0
8 6 0 0.876965 0.123035 0 1
8 10 1 0
8 11 0 0.949317 0.0506834 1 0
8 15 0 0.949351 0.050649 1 0
8 19 0 0.713028 0.286972 1 0
8 20 0 0.946198 0.0538016 1 0
8 21 0 0.934859 0.0651409 1 0
8 25 0 0.117134 0.882866 1 2.32499e-07
8 26 0 0.933549 0.0664514 1 0
8 31 0 0.773706 0.226294 1 0
8 32 0 0.948819 0.0511812 1 0
8 49 1 0
8 50 0 0.949317 0.0506834 1 0
8 53 0 0.948404 0.051596 1 0
8 56 0 0.949351 0.050649 1 0
8 57 0 0.949299 0.0507007 1 0
8 64 0 0.948854 0.0511464 1 0
8 72 0 0.912797 0.0872034 1 0
8 78 0 0.933387 0.0666134 1 0
8 79 0 0.947161 0.0528387 1 0
8 84 0 0.948888 0.0511117 1 0
8 89 1 0
8 90 0 0.797817 0.202183 1 0
8 91 0 0.948938 0.0510622 1 0
10 3 0 0.937876 0.0621239 1 0
10 4 0 0.878838 0.121162 0 1
10 6 0 0.937677 0.0623229 1 0
10 11 0 0.949334 0.0506662 1 0
10 13 0 0.321868 0.678132 1 4.62741e-13
10 15 0 0.945735 0.0542652 1 0
10 19 0 0.935707 0.0642934 1 0
10 20 1 0
10 21 0 0.916788 0.0832119 1 0
10 23 0 0.259041 0.740959 1 4.61275e-12
10 25 0 0.940885 0.0591149 1 0
10 26 0 0.928238 0.0717625 1 0
10 31 0 0.938605 0.061395 1 0
10 32 0 0.924467 0.0755326 1 0
10 49 0 0.942024 0.0579764 1 0
10 50 0 0.93282 0.0671803 1 0
10 53 0 0.941252 0.0587483 1 0
10 56 1 0
10 57 0 0.942368 0.057632 1 0
10 64 0 0.943426 0.0565741 1 0
10 72 0 0.949351 0.050649 1 0
10 78 0 0.947476 0.0525245 1 0
10 84 0 0.943497 0.0565026 1 0
10 89 0 0.9365 0.0635005 1 0
10 90 0 0.943944 0.0560561 1 0
10 91 0 0.943262 0.0567383 1 0
11 2 0 0.913099 0.0869013 0 1
11 3 1 0
11 4 0 0.948971 0.0510294 1 0
11 6 0 0.941948 0.058052 0 1
11 8 0 0.949317 0.0506834 1 0
11 10 0 0.949334 0.0506662 1 0
11 13 0 0.949213 0.0507869 1 0
11 15 0 0.948762 0.0512383 1 0
11 19 0 0.948081 0.0519193 1 0
11 20 0 0.949265 0.0507352 1 0
11 21 0 0.946746 0.0532536 1 0
11 23 1 0
11 25 0 0.949351 0.050649 1 0
11 26 0 0.949299 0.0507007 1 0
11 31 0 0.949334 0.0506662 1 0
11 32 0 0.949135 0.0508653 1 0
11 49 0 0.949213 0.0507869 1 0
11 50 0 0.949351 0.050649 1 0
11 53 0 0.949351 0.050649 1 0
11 56 0 0.949351 0.050649 1 0
11 57 0 0.949299 0.0507007 1 0
11 64 1 0
11 72 0 0.949317 0.0506834 1 0
11 78 0 0.949334 0.0506662 1 0
11 79 0 0.948797 0.0512034 1 0
11 84 0 0.949351 0.050649 1 0
11 89 0 0.948884 0.0511163 1 0
11 90 0 0.941454 0.0585456 1 0
11 91 0 0.949213 0.0507869 1 0
13 2 0 0.937503 0.0624971 1 0
13 3 0 0.94333 0.0566705 1 0
13 6 1 0
13 10 0 0.321868 0.678132 1 4.62741e-13
13 11 0 0.949213 0.0507869 1 0
13 15 0 0.948386 0.0516135 1 0
13 19 0 0.934539 0.0654605 1 0
13 20 0 0.943467 0.056533 1 0
13 21 0 0.874097 0.125903 1 0
13 25 0 0.938828 0.0611718 1 0
13 26 0 0.949299 0.0507007 1 0
13 31 0 0.943814 0.0561863 1 0
13 32 1 0
13 49 0 0.947951 0.0520494 1 0
13 50 0 0.94696 0.0530397 1 0
13 53 0 0.941906 0.0580938 1 0
13 56 0 0.949351 0.050649 1 0
13 57 0 0.944639 0.055361 1 0
13 64 0 0.944212 0.0557883 1 0
13 72 0 0.946476 0.0535236 1 0
13 78 0 0.949213 0.0507869 1 0
13 79 0 0.945474 0.0545259 1 0
13 84 1 0
13 89 0 0.927467 0.0725333 1 0
13 90 0 0.944943 0.0550567 1 0
13 91 0 0.949109 0.0508907 1 0
15 2 0 0.947981 0.0520186 1 0
15 3 0 0.943784 0.0562163 1 0
15 4 0 0.942964 0.0570361 1 0
15 6 0 0.946726 0.0532743 1 0
15 8 0 0.949351 0.050649 1 0
15 10 0 0.945735 0.0542652 1 0
15 11 1 0
15 13 0 0.948386 0.0516135 1 0
15 19 0 0.948842 0.0511576 1 0
15 20 0 0.946476 0.0535236 1 0
15 21 0 0.941981 0.0580195 1 0
15 23 0 0.948193 0.0518068 1 0
15 25 0 0.949317 0.0506834 1 0
15 26 0 0.948714 0.0512857 1 0
15 31 0 0.948854 0.0511464 1 0
15 32 0 0.948193 0.0518068 1 0
15 49 1 0
15 50 0 0.946495 0.0535054 1 0
15 53 0 0.945988 0.0540117 1 0
15 56 0 0.948561 0.0514389 1 0
15 57 0 0.948386 0.0516135 1 0
15 64 0 0.942333 0.0576675 1 0
15 72 0 0.949334 0.0506662 1 0
15 78 0 0.949351 0.050649 1 0
15 79 0 0.944775 0.0552248 1 0
15 84 0 0.946025 0.0539751 1 0
15 89 1 0
15 90 0 0.946747 0.0532528 1 0
15 91 0 0.948836 0.0511638 1 0
19 2 0 0.948364 0.0516358 1 0
19 3 0 0.939945 0.0600549 1 0
19 4 0 0.0364053 0.963595 0 1
19 6 0 0.948627 0.051373 1 0
19 8 0 0.713028 0.286972 1 0
19 10 0 0.935707 0.0642934 1 0
19 11 0 0.948081 0.0519193 1 0
19 13 1 0
19 15 0 0.948842 0.0511576 1 0
19 20 0 0.947841 0.0521594 1 0
19 21 0 0.947212 0.0527878 1 0
19 23 0 0.9428 0.0571999 1 0
19 25 0 0.0913342 0.908666 0.999982 1.79344e-05
19 26 0 0.949299 0.0507007 1 0
19 32 0 0.948064 0.0519361 1 0
19 49 0 0.943517 0.0564828 1 0
19 50 0 0.948351 0.0516486 1 0
19 53 1 0
19 56 0 0.948871 0.051129 1 0
19 57 0 0.947039 0.052961 1 0
19 64 0 0.940809 0.0591905 1 0
19 72 0 0.896271 0.103729 1 0
19 78 0 0.878649 0.121351 1 0
19 79 0 0.944124 0.0558763 1 0
19 84 0 0.948888 0.0511117 1 0
19 89 0 0.933534 0.0664662 1 0
19 90 0 0.946476 0.0535236 1 0
19 91 1 0
20 4 0 0.941073 0.0589271 1 0
20 8 0 0.946198 0.0538016 1 0
20 10 0 0.93224 0.0677601 1 0
20 11 0 0.949265 0.0507352 1 0
20 13 0 0.943467 0.056533 1 0
20 15 0 0.946476 0.0535236 1 0
20 19 0 0.947841 0.0521594 1 0
20 21 0 0.12053 0.87947 0 1
20 23 0 0.939491 0.0605088 1 0
20 25 1 0
20 26 0 0.85191 0.14809 1 0
20 31 0 0.948505 0.0514954 1 0
20 32 0 0.842961 0.157039 1 0
20 49 0 0.945287 0.0547125 1 0
20 53 0 0.942982 0.0570184 1 0
20 56 0 0.947458 0.0525423 1 0
20 57 0 0.848956 0.151044 0.0552011 0.944799
20 64 0 0.947136 0.0528636 1 0
20 72 0 0.947933 0.0520671 1 0
20 78 1 0
20 79 0 0.946156 0.0538436 1 0
20 84 0 0.746914 0.253086 1 0
20 89 0 0.912737 0.0872633 1 0
20 90 0 0.000767621 0.999232 0 1
20 91 0 0.870904 0.129096 1 0
21 2 0 0.00178779 0.998212 0 1
21 3 0 0.479753 0.520247 1.78335e-12 1
21 4 0 0.941557 0.0584433 1 0
21 6 0 0.0282622 0.971738 0 1
21 8 1 0
21 10 0 0.916788 0.0832119 1 0
21 11 0 0.946746 0.0532536 1 0
21 13 0 0.874097 0.125903 1 0
21 15 0 0.941981 0.0580195 1 0
21 19 0 0.947212 0.0527878 1 0
21 20 0 0.12053 0.87947 0 1
21 23 0 0.937122 0.0628784 1 0
21 25 0 0.94644 0.0535599 1 0
21 26 0 0.197846 0.802154 0.999866 0.000133675
21 31 1 0
21 32 0 0.944026 0.0559738 1 0
21 49 0 0.942212 0.0577878 1 0
21 50 0 0.138577 0.861423 1 5.29578e-09
21 56 0 0.944962 0.0550381 1 0
21 57 0 0.938517 0.0614825 1 0
21 64 0 0.946474 0.0535265 1 0
21 72 0 0.94697 0.05303 1 0
21 78 0 0.948749 0.0512508 1 0
21 79 0 0.946032 0.0539685 1 0
21 89 1 0
21 90 0 0.000996572 0.999003 0 1
21 91 0 0.709779 0.290221 1 0
23 2 0 0.90571 0.0942904 1 0
23 3 0 0.947118 0.0528824 1 0
23 4 0 0.935456 0.0645436 1 0
23 6 0 0.925318 0.0746821 1 0
23 8 0 0.785937 0.214063 0 1
23 10 0 0.259041 0.740959 1 4.61275e-12
23 11 0 0.948692 0.0513081 1 0
23 15 1 0
23 19 0 0.9428 0.0571999 1 0
23 20 0 0.939491 0.0605088 1 0
23 21 0 0.937122 0.0628784 1 0
23 25 0 0.947351 0.0526494 1 0
23 26 0 0.948732 0.0512683 1 0
23 31 0 0.94544 0.0545595 1 0
23 32 0 0.939924 0.0600761 1 0
23 49 0 0.948193 0.0518068 1 0
23 50 0 0.937318 0.0626823 1 0
23 53 1 0
23 56 0 0.948889 0.0511115 1 0
23 57 0 0.94602 0.0539795 1 0
23 64 0 0.947714 0.0522864 1 0
23 72 0 0.940905 0.059095 1 0
23 78 0 0.949317 0.0506834 1 0
23 79 0 0.946919 0.0530815 1 0
23 84 0 0.947827 0.0521733 1 0
23 89 0 0.93124 0.0687598 1 0
23 90 0 0.943676 0.0563244 1 0
23 91 1 0
25 2 0 0.945542 0.0544583 1 0
25 3 0 0.934598 0.0654018 1 0
25 4 0 0.947844 0.0521556 1 0
25 6 0 0.948351 0.0516486 1 0
25 8 0 0.117134 0.882866 1 2.32499e-07
25 10 0 0.940885 0.0591149 1 0
25 11 0 0.949351 0.050649 1 0
25 13 0 0.938828 0.0611718 1 0
25 15 0 0.949317 0.0506834 1 0
25 19 1 0
25 20 0 0.945798 0.0542021 1 0
25 21 0 0.94644 0.0535599 1 0
25 23 0 0.947351 0.0526494 1 0
25 26 0 0.949351 0.050649 1 0
25 31 0 0.16884 0.83116 0.999996 4.30716e-06
25 32 0 0.946545 0.0534549 1 0
25 49 0 0.949334 0.0506662 1 0
25 50 0 0.94788 0.0521201 1 0
25 53 0 0.949351 0.050649 1 0
25 56 1 0
25 57 0 0.947951 0.0520494 1 0
25 64 0 0.947404 0.0525958 1 0
25 72 0 0.494203 0.505797 1 6.66134e-15
25 78 0 0.192959 0.807041 1 3.91512e-07
25 79 0 0.949334 0.0506662 1 0
25 84 0 0.949334 0.0506662 1 0
25 89 0 0.948871 0.051129 1 0
25 90 0 0.946058 0.0539423 1 0
25 91 0 0.948871 0.051129 1 0
26 2 1 0
26 3 0 0.336259 0.663741 1 3.26146e-11
26 4 0 0.913995 0.0860053 1 0
26 6 0 0.221016 0.778984 0 1
26 8 0 0.933549 0.0664514 1 0
26 10 0 0.928238 0.0717625 1 0
26 11 0 0.949299 0.0507007 1 0
26 13 0 0.949299 0.0507007 1 0
26 15 0 0.948714 0.0512857 1 0
26 19 0 0.949299 0.0507007 1 0
26 20 1 0
26 21 0 0.197846 0.802154 0.999866 0.000133675
26 23 0 0.948732 0.0512683 1 0
26 25 0 0.949351 0.050649 1 0
26 31 0 0.949334 0.0506662 1 0
26 32 0 0.948732 0.0512683 1 0
26 49 0 0.9489 0.0511 1 0
26 50 0 0.909984 0.0900159 1 0
26 53 0 0.949351 0.050649 1 0
26 57 0 0.947476 0.0525245 1 0
26 64 1 0
26 72 0 0.944827 0.0551733 1 0
26 78 0 0.949351 0.050649 1 0
26 79 0 0.944284 0.0557162 1 0
26 84 0 0.938173 0.061827 1 0
26 89 0 0.939649 0.060351 1 0
26 90 0 0.165243 0.834757 1 2.68586e-09
26 91 0 0.940918 0.0590824 1 0
31 2 0 0.947816 0.0521837 1 0
31 3 0 0.759897 0.240103 0 1
31 4 1 0
31 6 0 0.948386 0.0516135 1 0
31 8 0 0.773706 0.226294 1 0
31 10 0 0.938605 0.061395 1 0
31 11 0 0.949334 0.0506662 1 0
31 13 0 0.943814 0.0561863 1 0
31 15 0 0.948854 0.0511464 1 0
31 20 0 0.948505 0.0514954 1 0
31 21 0 0.947195 0.0528046 1 0
31 23 0 0.94544 0.0545595 1 0
31 25 1 0
31 26 0 0.949334 0.0506662 1 0
31 32 0 0.83712 0.16288 2.4571e-05 0.999975
31 49 0 0.949282 0.0507179 1 0
31 50 0 0.948334 0.0516662 1 0
31 53 0 0.949351 0.050649 1 0
31 56 0 0.949351 0.050649 1 0
31 57 0 0.949057 0.0509427 1 0
31 64 0 0.921165 0.0788346 1 2.22045e-16
31 72 0 0.864851 0.135149 1 0
31 78 1 0
31 79 0 0.946179 0.0538206 1 0
31 84 0 0.949248 0.0507524 1 0
31 89 0 0.9257 0.0743001 1 0
31 90 0 0.945275 0.0547254 1 0
31 91 0 0.948218 0.0517824 1 0
32 2 0 0.943368 0.0566319 1 0
32 3 0 0.943431 0.0565686 1 0
32 4 0 0.94348 0.0565203 1 0
32 6 0 0.946566 0.0534342 1 0
32 8 1 0
32 10 0 0.924467 0.0755326 1 0
32 11 0 0.949135 0.0508653 1 0
32 13 0 0.943807 0.0561928 1 0
32 15 0 0.948193 0.0518068 1 0
32 19 0 0.948064 0.0519361 1 0
32 20 0 0.842961 0.157039 1 0
32 21 0 0.944026 0.0559738 1 0
32 23 0 0.939924 0.0600761 1 0
32 25 0 0.946545 0.0534549 1 0
32 26 1 0
32 31 0 0.83712 0.16288 2.4571e-05 0.999975
32 49 0 0.946557 0.0534431 1 0
32 50 0 0.947862 0.0521378 1 0
32 53 0 0.931984 0.0680157 1 0
32 56 0 0.948422 0.0515785 1 0
32 64 0 0.944138 0.0558615 1 0
32 72 0 0.949351 0.050649 1 0
32 78 0 0.94913 0.0508702 1 0
32 79 0 0.940193 0.0598069 1 0
32 84 1 0
32 89 0 0.939365 0.060635 1 0
32 90 0 0.942011 0.0579891 1 0
32 91 0 0.936956 0.0630435 1 0
49 2 0 0.948586 0.0514139 1 0
49 3 0 0.943483 0.056517 1 0
49 4 0 0.941934 0.0580662 1 0
49 6 0 0.947261 0.0527389 1 0
49 8 0 0.948871 0.051129 1 0
49 10 0 0.942024 0.0579764 1 0
49 11 1 0
49 13 0 0.947951 0.0520494 1 0
49 15 0 0.945849 0.0541512 1 0
49 19 0 0.943517 0.0564828 1 0
49 20 0 0.945287 0.0547125 1 0
49 21 0 0.942212 0.0577878 1 0
49 23 0 0.948193 0.0518068 1 0
49 25 0 0.949334 0.0506662 1 0
49 26 0 0.9489 0.0511 1 0
49 31 0 0.949282 0.0507179 1 0
49 32 1 0
49 50 0 0.945948 0.054052 1 0
49 53 0 0.948257 0.0517431 1 0
49 56 0 0.891382 0.108618 1 0
49 57 0 0.946447 0.0535532 1 0
49 64 0 0.00585529 0.994145 0 1
49 72 0 0.949334 0.0506662 1 0
49 78 0 0.949334 0.0506662 1 0
49 79 0 0.143949 0.856051 1.11022e-16 1
49 84 0 0.949351 0.050649 1 0
49 89 1 0
49 90 0 0.946961 0.0530392 1 0
49 91 0 0.00633603 0.993664 0 1
50 2 0 0.0489682 0.951032 0 1
50 3 0 0.744193 0.255807 0 1
50 4 0 0.943464 0.0565365 1 0
50 6 0 0.0220765 0.977924 0 1
50 8 0 0.949317 0.0506834 1 0
50 10 0 0.93282 0.0671803 1 0
50 11 0 0.949351 0.050649 1 0
50 13 1 0
50 15 0 0.946495 0.0535054 1 0
50 19 0 0.948351 0.0516486 1 0
50 20 0 0.0795708 0.920429 0 1
50 21 0 0.138577 0.861423 1 5.29578e-09
50 23 0 0.937318 0.0626823 1 0
50 25 0 0.94788 0.0521201 1 0
50 26 0 0.909984 0.0900159 1 0
50 31 0 0.948334 0.0516662 1 0
50 32 0 0.947862 0.0521378 1 0
50 49 1 0
50 53 0 0.947476 0.0525245 1 0
50 56 0 0.946996 0.0530038 1 0
50 57 0 0.948334 0.0516662 1 0
50 64 0 0.948351 0.0516486 1 0
50 72 0 0.948334 0.0516662 1 0
50 78 0 0.949282 0.0507179 1 0
50 79 0 0.946025 0.0539751 1 0
50 84 0 0.40467 0.59533 1 3.64153e-14
50 89 0 0.934185 0.0658151 1 0
50 90 1 0
50 91 0 0.932768 0.067232 1 0
53 2 0 0.943281 0.0567191 1 0
53 3 0 0.94706 0.0529401 1 0
53 4 0 0.942794 0.0572056 1 0
53 6 0 0.94788 0.0521201 1 0
53 8 0 0.948404 0.051596 1 0
53 10 0 0.941252 0.0587483 1 0
53 11 0 0.949351 0.050649 1 0
53 13 0 0.941906 0.0580938 1 0
53 15 1 0
53 19 0 0.948888 0.0511117 1 0
53 20 0 0.942982 0.0570184 1 0
53 23 0 0.943898 0.0561022 1 0
53 25 0 0.949351 0.050649 1 0
53 26 0 0.949351 0.050649 1 0
53 31 0 0.949351 0.050649 1 0
53 32 0 0.931984 0.0680157 1 0
53 49 0 0.948257 0.0517431 1 0
53 50 0 0.947476 0.0525245 1 0
53 56 1 0
53 57 0 0.937588 0.0624116 1 0
53 64 0 0.948708 0.0512923 1 0
53 72 0 0.949351 0.050649 1 0
53 78 0 0.949351 0.050649 1 0
53 79 0 0.949334 0.0506662 1 0
53 89 0 0.948854 0.0511464 1 0
53 90 0 0.945422 0.054578 1 0
53 91 0 0.947951 0.0520494 1 0
56 2 0 0.946901 0.0530995 1 0
56 3 1 0
56 4 0 0.946996 0.0530038 1 0
56 6 0 0.946942 0.0530577 1 0
56 8 0 0.949351 0.050649 1 0
56 10 0 0.946422 0.0535781 1 0
56 11 0 0.949351 0.050649 1 0
56 13 0 0.949351 0.050649 1 0
56 15 0 0.948561 0.0514389 1 0
56 19 0 0.948871 0.051129 1 0
56 20 0 0.947458 0.0525423 1 0
56 21 1 0
56 23 0 0.948889 0.0511115 1 0
56 31 0 0.949351 0.050649 1 0
56 32 0 0.948422 0.0515785 1 0
56 49 0 0.891382 0.108618 1 0
56 50 0 0.946996 0.0530038 1 0
56 53 0 0.948422 0.0515785 1 0
56 57 0 0.947951 0.0520494 1 0
56 64 0 0.943349 0.0566513 1 0
56 72 0 0.949351 0.050649 1 0
56 78 1 0
56 79 0 0.8841 0.1159 1 0
56 84 0 0.946025 0.0539751 1 0
56 89 0 0.948404 0.051596 1 0
56 90 0 0.946495 0.0535054 1 0
56 91 0 0.943464 0.0565365 1 0
57 2 0 0.946626 0.0533744 1 0
57 3 0 0.944122 0.0558783 1 0
57 4 0 0.946002 0.0539979 1 0
57 6 0 0.94291 0.0570896 1 0
57 8 1 0
57 10 0 0.942368 0.057632 1 0
57 11 0 0.949299 0.0507007 1 0
57 13 0 0.944639 0.055361 1 0
57 19 0 0.947039 0.052961 1 0
57 20 0 0.848956 0.151044 0.0552011 0.944799
57 21 0 0.938517 0.0614825 1 0
57 23 0 0.94602 0.0539795 1 0
57 25 0 0.947951 0.0520494 1 0
57 26 0 0.947476 0.0525245 1 0
57 31 1 0
57 49 0 0.946447 0.0535532 1 0
57 50 0 0.948334 0.0516662 1 0
57 53 0 0.937588 0.0624116 1 0
57 56 0 0.947951 0.0520494 1 0
57 64 0 0.944846 0.0551544 1 0
57 72 0 0.949265 0.0507352 1 0
57 78 0 0.949351 0.050649 1 0
57 79 0 0.944448 0.0555523 1 0
57 84 0 0.947028 0.0529718 1 0
57 89 1 0
57 90 0 0.941327 0.0586728 1 0
57 91 0 0.944318 0.0556815 1 0
64 2 0 0.945194 0.0548055 1 0
64 3 0 0.886757 0.113243 1 0
64 4 0 0.931066 0.0689339 1 0
64 6 0 0.94586 0.05414 1 0
64 8 0 0.948854 0.0511464 1 0
64 10 0 0.943426 0.0565741 1 0
64 11 0 0.949351 0.050649 1 0
64 13 1 0
64 15 0 0.942333 0.0576675 1 0
64 19 0 0.940809 0.0591905 1 0
64 20 0 0.947136 0.0528636 1 0
64 21 0 0.946474 0.0535265 1 0
64 23 0 0.947714 0.0522864 1 0
64 25 0 0.947404 0.0525958 1 0
64 26 0 0.949351 0.050649 1 0
64 31 0 0.921165 0.0788346 1 2.22045e-16
64 32 0 0.944138 0.0558615 1 0
64 50 1 0
64 53 0 0.948708 0.0512923 1 0
64 56 0 0.943349 0.0566513 1 0
64 57 0 0.944846 0.0551544 1 0
64 72 0 0.948871 0.051129 1 0
64 78 0 0.949162 0.0508381 1 0
64 79 0 0.884031 0.115969 1 1.33227e-15
64 84 0 0.949351 0.050649 1 0
64 89 0 0.941646 0.0583538 1 0
64 90 0 0.944074 0.0559262 1 0
64 91 1 0
72 2 0 0.946038 0.0539624 1 0
72 3 0 0.935692 0.0643083 0 1
72 4 0 0.946852 0.0531478 1 0
72 6 0 0.948836 0.0511638 1 0
72 8 0 0.912797 0.0872034 1 0
72 10 0 0.949351 0.050649 1 0
72 11 0 0.949317 0.0506834 1 0
72 13 0 0.946476 0.0535236 1 0
72 15 0 0.949334 0.0506662 1 0
72 19 1 0
72 20 0 0.947933 0.0520671 1 0
72 21 0 0.94697 0.05303 1 0
72 23 0 0.940905 0.059095 1 0
72 25 0 0.494203 0.505797 1 6.66134e-15
72 26 0 0.944827 0.0551733 1 0
72 31 0 0.864851 0.135149 1 0
72 32 0 0.949351 0.050649 1 0
72 49 0 0.949334 0.0506662 1 0
72 50 0 0.948334 0.0516662 1 0
72 53 1 0
72 56 0 0.949351 0.050649 1 0
72 57 0 0.949265 0.0507352 1 0
72 64 0 0.948871 0.051129 1 0
72 78 0 0.846721 0.153279 1 0
72 79 0 0.949351 0.050649 1 0
72 84 0 0.949334 0.0506662 1 0
72 89 0 0.949317 0.0506834 1 0
72 90 0 0.948369 0.0516311 1 0
72 91 0 0.760399 0.239601 0 1
78 2 1 0
78 3 0 0.944268 0.0557316 1 0
78 4 0 0.948299 0.0517013 1 0
78 6 0 0.949152 0.0508481 1 0
78 8 0 0.933387 0.0666134 1 0
78 10 0 0.947476 0.0525245 1 0
78 11 0 0.949334 0.0506662 1 0
78 13 0 0.949213 0.0507869 1 0
78 15 0 0.949351 0.050649 1 0
78 19 0 0.878649 0.121351 1 0
78 20 1 0
78 21 0 0.948749 0.0512508 1 0
78 23 0 0.949317 0.0506834 1 0
78 25 0 0.192959 0.807041 1 3.91512e-07
78 26 0 0.949351 0.050649 1 0
78 31 0 0.933989 0.0660105 1 2.22045e-16
78 32 0 0.94913 0.0508702 1 0
78 49 0 0.949334 0.0506662 1 0
78 50 0 0.949282 0.0507179 1 0
78 53 0 0.949351 0.050649 1 0
78 56 1 0
78 57 0 0.949351 0.050649 1 0
78 64 0 0.949162 0.0508381 1 0
78 72 0 0.846721 0.153279 1 0
78 79 0 0.948784 0.051216 1 0
78 84 0 0.949144 0.0508561 1 0
78 89 0 0.939573 0.0604266 0 1
78 90 0 0.948386 0.0516135 1 0
78 91 0 0.949351 0.050649 1 0
79 2 0 0.946477 0.053523 1 0
79 3 1 0
79 6 0 0.94453 0.0554698 1 0
79 8 0 0.947161 0.0528387 1 0
79 10 0 0.935099 0.0649013 1 0
79 11 0 0.948797 0.0512034 1 0
79 13 0 0.945474 0.0545259 1 0
79 15 0 0.944775 0.0552248 1 0
79 19 0 0.944124 0.0558763 1 0
79 20 0 0.946156 0.0538436 1 0
79 21 0 0.946032 0.0539685 1 0
79 23 1 0
79 25 0 0.949334 0.0506662 1 0
79 26 0 0.944284 0.0557162 1 0
79 31 0 0.946179 0.0538206 1 0
79 32 0 0.940193 0.0598069 1 0
79 49 0 0.143949 0.856051 1.11022e-16 1
79 50 0 0.946025 0.0539751 1 0
79 53 0 0.949334 0.0506662 1 0
79 56 0 0.8841 0.1159 1 0
79 57 0 0.944448 0.0555523 1 0
79 64 1 0
79 72 0 0.949351 0.050649 1 0
79 78 0 0.948784 0.051216 1 0
79 84 0 0.949351 0.050649 1 0
79 89 0 0.937919 0.0620808 0 1
79 90 0 0.947648 0.0523521 1 0
79 91 0 0.944544 0.0554562 1 0
84 2 0 0.720284 0.279716 1 8.88178e-16
84 4 0 0.945533 0.0544671 1 0
84 6 0 0.790425 0.209575 1 0
84 8 1 0
84 10 0 0.943497 0.0565026 1 0
84 11 0 0.949351 0.050649 1 0
84 13 0 0.945477 0.0545225 1 0
84 15 0 0.946025 0.0539751 1 0
84 19 0 0.948888 0.0511117 1 0
84 20 0 0.746914 0.253086 1 0
84 23 0 0.947827 0.0521733 1 0
84 25 0 0.949334 0.0506662 1 0
84 26 0 0.938173 0.061827 1 0
84 31 1 0
84 32 0 0.947951 0.0520494 1 0
84 49 0 0.949351 0.050649 1 0
84 50 0 0.40467 0.59533 1 3.64153e-14
84 56 0 0.946025 0.0539751 1 0
84 57 0 0.947028 0.0529718 1 0
84 64 0 0.949351 0.050649 1 0
84 72 0 0.949334 0.0506662 1 0
84 78 0 0.949144 0.0508561 1 0
84 79 0 0.949351 0.050649 1 0
84 89 1 0
84 90 0 0.87811 0.12189 1 0
84 91 0 0.939725 0.0602751 1 0
89 2 0 0.931347 0.0686535 1 0
89 3 0 0.93708 0.0629199 1 0
89 4 0 0.245216 0.754784 0 1
89 6 0 0.942762 0.0572378 1 0
89 8 0 0.945678 0.0543224 1 0
89 10 0 0.9365 0.0635005 1 0
89 11 0 0.948884 0.0511163 1 0
89 13 1 0
89 15 0 0.948434 0.0515655 1 0
89 19 0 0.933534 0.0664662 1 0
89 20 0 0.912737 0.0872633 1 0
89 21 0 0.924417 0.0755833 1 0
89 23 0 0.93124 0.0687598 1 0
89 25 0 0.948871 0.051129 1 0
89 26 0 0.939649 0.060351 1 0
89 31 0 0.9257 0.0743001 1 0
89 32 0 0.939365 0.060635 1 0
89 49 1 0
89 50 0 0.934185 0.0658151 1 0
89 53 0 0.948854 0.0511464 1 0
89 56 0 0.948404 0.051596 1 0
89 57 0 0.945813 0.0541866 1 0
89 64 0 0.941646 0.0583538 1 0
89 72 0 0.949317 0.0506834 1 0
89 84 0 0.943502 0.0564982 1 0
89 90 0 0.88188 0.11812 1 0
89 91 0 0.535357 0.464643 4.00791e-14 1
90 2 1 0
90 3 0 0.120935 0.879065 0 1
90 4 0 0.947119 0.0528809 1 0
90 6 0 0.00144588 0.998554 0 1
90 8 0 0.797817 0.202183 1 0
90 10 0 0.943944 0.0560561 1 0
90 11 0 0.941454 0.0585456 1 0
90 13 0 0.944943 0.0550567 1 0
90 15 0 0.946747 0.0532528 1 0
90 19 0 0.946476 0.0535236 1 0
90 20 1 0
90 21 0 0.000996572 0.999003 0 1
90 23 0 0.943676 0.0563244 1 0
90 25 0 0.946058 0.0539423 1 0
90 26 0 0.165243 0.834757 1 2.68586e-09
90 31 0 0.945275 0.0547254 1 0
90 32 0 0.942011 0.0579891 1 0
90 49 0 0.946961 0.0530392 1 0
90 50 0 0.798465 0.201535 1 0
90 53 0 0.945422 0.054578 1 0
90 56 1 0
90 57 0 0.941327 0.0586728 1 0
90 64 0 0.944074 0.0559262 1 0
90 72 0 0.948369 0.0516311 1 0
90 78 0 0.948386 0.0516135 1 0
90 79 0 0.947648 0.0523521 1 0
90 84 0 0.87811 0.12189 1 0
90 89 0 0.88188 0.11812 1 0
91 2 0 0.843619 0.156381 1 0
91 3 0 0.773273 0.226727 1 1.65423e-13
91 4 1 0
91 6 0 0.905677 0.0943226 1 0
91 8 0 0.948938 0.0510622 1 0
91 10 0 0.943262 0.0567383 1 0
91 11 0 0.949213 0.0507869 1 0
91 13 0 0.949109 0.0508907 1 0
91 15 0 0.948836 0.0511638 1 0
91 19 0 0.947715 0.0522854 1 0
91 20 0 0.870904 0.129096 1 0
91 21 0 0.709779 0.290221 1 0
91 23 1 0
91 25 0 0.948871 0.051129 1 0
91 26 0 0.940918 0.0590824 1 0
91 31 0 0.948218 0.0517824 1 0
91 32 0 0.936956 0.0630435 1 0
91 49 0 0.00633603 0.993664 0 1
91 50 0 0.932768 0.067232 1 0
91 53 0 0.947951 0.0520494 1 0
91 56 0 0.943464 0.0565365 1 0
91 57 0 0.944318 0.0556815 1 0
91 64 1 0
91 72 0 0.760399 0.239601 0 1
91 78 0 0.949351 0.050649 1 0
91 79 0 0.944544 0.0554562 1 0
91 84 0 0.939725 0.0602751 1 0
91 89 0 0.535357 0.464643 4.00791e-14 1
91 90 0 0.278657 0.721343 0 1
