2 6 0 1e-07 1 0 1
2 10 0 0.000810733 0.999189 0 1
2 11 0 0.921144 0.0788556 0 1
2 20 0 1e-07 1 0 1
4 8 1 1
4 13 0 0.000108454 0.999892 0 1
4 19 0 0.00886969 0.99113 0 1
4 79 0 0.112163 0.887837 0 1
8 4 0 0.00581219 0.994188 0 1
8 13 0 7.35557e-06 0.999993 0 1
8 23 0 0.741515 0.258485 0 1
10 2 0 0.000873228 0.999127 0 1
10 8 0 0.929424 0.0705755 1 0
10 79 0 0.944172 0.0558281 1 0
13 4 1 1
13 8 0 6.67728e-06 0.999993 0 1
13 23 0 0.00491953 0.99508 0 1
19 31 0 0.0659902 0.93401 0 1
20 2 0 1e-07 1 0 1
20 3 0 0.269211 0.730789 0 1
20 6 0 1e-07 1 0 1
20 50 0 0.052543 0.947457 0 1
21 53 0 0.862024 0.137976 0 1
21 84 0 0.628033 0.371967 0 1
23 13 1 1
26 56 0 0.90683 0.0931704 0 1
31 19 0 0.0668143 0.933186 0 1
32 57 0 9.3256e-06 0.999991 0 1
53 21 0 0.861479 0.138521 0 1
53 84 0 0.521284 0.478716 0 1
56 25 0 0.957755 0.0422452 1 0
56 26 0 0.903065 0.0969345 0 1
57 15 0 0.956848 0.043152 1 0
57 32 0 9.32109e-06 0.999991 0 1
64 49 1 1
79 4 0 0.11443 0.88557 0 1
84 3 0 0.940861 0.0591387 1 0
84 21 0 0.628033 0.371967 0 1
84 53 0 0.53762 0.46238 0 1
89 78 0 0.946328 0.0536724 0 1
89 79 0 0.946946 0.0530542 1 2.17604e-14
90 91 0 0.220118 0.779882 0.999894 0.000106421
2 3 0 0.289286 0.710714 0 1
2 4 0 0.943303 0.0566969 1 0
2 8 1 0
2 13 0 0.946749 0.0532509 1 0
2 15 0 0.956505 0.0434949 1 0
2 19 0 0.956875 0.0431246 1 0
2 21 0 0.000836967 0.999163 0 1
2 23 0 0.916762 0.0832378 1 0
2 25 0 0.954244 0.0457562 1 0
2 26 0 0.311141 0.688859 1 5.38547e-09
2 31 0 0.956412 0.0435879 1 0
2 32 0 0.952103 0.0478971 1 0
2 49 1 0
2 50 0 0.0298922 0.970108 0.986813 0.013187
2 53 0 0.952031 0.0479694 1 0
2 56 0 0.955526 0.0444736 1 0
2 57 0 0.95523 0.0447704 1 0
2 64 0 0.953724 0.046276 1 0
2 72 0 0.954698 0.0453022 1 0
2 78 0 0.957397 0.0426031 1 0
2 79 0 0.955255 0.0447449 1 0
2 84 0 0.708188 0.291812 1 3.55271e-14
2 89 1 0
2 90 0 1.96798e-07 1 0 1
2 91 0 0.848217 0.151783 1 2.22045e-16
3 2 0 0.289286 0.710714 0 1
3 4 0 0.946168 0.0538318 1 0
3 6 0 0.200523 0.799477 7.61505e-05 0.999924
3 8 0 0.947992 0.0520075 1 0
3 10 0 0.946953 0.0530467 1 0
3 11 0 0.957624 0.0423763 1 0
3 13 0 0.952055 0.0479447 1 0
3 15 1 0
3 19 0 0.948819 0.0511814 1 0
3 20 0 0.270007 0.729993 0 1
3 21 0 0.446823 0.553177 0.998645 0.00135497
3 23 0 0.955679 0.0443209 1 0
3 25 0 0.943465 0.056535 1 0
3 26 0 0.28375 0.71625 1 8.46756e-10
3 31 0 0.728289 0.271711 0 1
3 32 0 0.952121 0.0478794 1 0
3 49 0 0.952083 0.0479165 1 0
3 50 1 0
3 53 0 0.955617 0.0443833 1 0
3 56 0 0.954575 0.0454247 1 0
3 57 0 0.952579 0.0474206 1 0
3 64 0 0.893082 0.106918 1 1.11022e-15
3 72 0 0.943702 0.0562981 0.000369597 0.99963
3 78 0 0.953001 0.0469991 1 0
3 79 0 0.955905 0.0440945 1 0
3 84 0 0.940759 0.0592407 1 7.83817e-14
3 89 0 0.946648 0.053352 1 0
3 90 1 0
3 91 0 0.774689 0.225311 1 1.3487e-12
4 2 0 0.943303 0.0566969 1 0
4 3 0 0.946168 0.0538318 1 0
4 6 0 0.950572 0.0494283 1 0
4 10 0 0.881866 0.118134 0 1
4 11 0 0.957434 0.0425664 1 0
4 15 0 0.951742 0.0482579 1 0
4 20 0 0.950264 0.0497362 1 0
4 21 0 0.94979 0.0502103 1 7.54952e-15
4 23 1 0
4 25 0 0.956342 0.0436575 1 0
4 26 0 0.923207 0.0767925 1 0
4 31 0 0.935492 0.0645081 1 0
4 32 0 0.95259 0.0474099 1 0
4 49 0 0.950841 0.0491588 1 0
4 50 0 0.95217 0.0478299 1 0
4 53 0 0.951545 0.0484548 1 0
4 56 0 0.955529 0.0444715 1 0
4 57 0 0.954066 0.0459337 1 4.68514e-13
4 64 1 0
4 72 0 0.955406 0.0445938 1 0
4 78 0 0.956774 0.0432263 1 0
4 84 0 0.954138 0.0458616 1 0
4 89 0 0.198458 0.801542 0.00636157 0.993638
4 90 0 0.955663 0.0443372 1 0
4 91 0 0.852154 0.147846 1 3.00246e-07
6 2 0 1e-07 1 0 1
6 3 0 0.200182 0.799818 5.77316e-14 1
6 4 0 0.950572 0.0494283 1 0
6 8 1 0
6 10 0 0.947007 0.0529928 1 0
6 11 0 0.949773 0.0502267 0 1
6 13 0 0.95739 0.0426105 1 0
6 15 0 0.955299 0.0447012 1 0
6 19 0 0.957098 0.0429025 1 0
6 20 0 1e-07 1 0 1
6 21 0 0.0180103 0.98199 8.73574e-10 1
6 23 0 0.934614 0.0653861 1 0
6 25 0 0.956818 0.0431817 1 0
6 26 1 0
6 31 0 0.956848 0.043152 1 0
6 32 0 0.955204 0.0447963 1 0
6 49 0 0.955801 0.0441992 1 0
6 50 0 0.0116004 0.9884 0 1
6 53 0 0.956372 0.0436275 1 0
6 56 0 0.955483 0.0445173 1 0
6 57 0 0.951645 0.0483554 1 0
6 64 0 0.954466 0.045534 1 0
6 72 0 0.957274 0.0427257 1 0
6 78 1 0
6 79 0 0.953267 0.0467333 1 0
6 84 0 0.784292 0.215708 1 1.44329e-13
6 89 0 0.951761 0.0482394 1 0
6 90 0 0.000514491 0.999486 0 1
6 91 0 0.915164 0.0848357 1 0
8 2 0 0.00322756 0.996772 0 1
8 3 0 0.947992 0.0520075 1 0
8 6 0 0.893985 0.106015 1 7.54952e-15
8 10 0 0.929424 0.0705755 1 0
8 11 1 0
8 15 0 0.957755 0.0422452 1 0
8 19 0 0.705119 0.294881 1 2.22045e-16
8 20 0 0.954851 0.0451492 1 0
8 21 0 0.943936 0.0560642 1 0
8 25 0 0.0834192 0.916581 1 6.37717e-08
8 26 0 0.942578 0.0574216 1 0
8 31 0 0.773641 0.226359 1 0
8 32 0 0.95726 0.0427404 1 0
8 49 0 0.957304 0.0426963 1 0
8 50 1 0
8 53 0 0.956863 0.0431372 1 0
8 56 0 0.957755 0.0422452 1 0
8 57 0 0.957711 0.0422889 1 0
8 64 0 0.957289 0.042711 1 0
8 72 0 0.922685 0.0773147 1 0
8 78 0 0.9431 0.0569003 1 0
8 79 0 0.955598 0.0444016 1 0
8 84 0 0.957318 0.0426816 1 0
8 89 0 0.954293 0.0457074 1 0
8 90 1 0
8 91 0 0.957381 0.0426194 1 0
10 3 0 0.946953 0.0530467 1 0
10 4 0 0.880217 0.119783 0 1
10 6 0 0.947007 0.0529928 1 0
10 11 0 0.95774 0.0422598 1 0
10 13 0 0.271634 0.728366 1 3.2756e-12
10 15 0 0.954221 0.0457792 1 0
10 19 0 0.944702 0.0552985 1 0
10 20 0 0.941904 0.0580961 1 0
10 21 1 0
10 23 0 0.20969 0.79031 1 2.79274e-11
10 25 0 0.949693 0.0503068 1 0
10 26 0 0.937401 0.0625992 1 0
10 31 0 0.947505 0.0524951 1 0
10 32 0 0.933519 0.0664807 1 0
10 49 0 0.95095 0.0490505 1 0
10 50 0 0.942074 0.0579261 1 0
10 53 0 0.949918 0.0500818 1 0
10 56 0 0.954993 0.0450074 1 0
10 57 1 0
10 64 0 0.952169 0.0478307 1 0
10 72 0 0.957755 0.0422452 1 0
10 78 0 0.955983 0.0440173 1 0
10 84 0 0.95225 0.0477499 1 0
10 89 0 0.945659 0.0543411 1 0
10 90 0 0.952653 0.0473466 1 0
10 91 0 0.952099 0.0479006 1 0
11 2 0 0.921288 0.078712 0 1
11 3 0 0.957624 0.0423763 1 0
11 4 1 0
11 6 0 0.949914 0.0500855 1 5.54594e-08
11 8 0 0.957726 0.0422743 1 0
11 10 0 0.95774 0.0422598 1 0
11 13 0 0.957638 0.0423617 1 0
11 15 0 0.957257 0.0427428 1 0
11 19 0 0.956639 0.0433608 1 0
11 20 0 0.957682 0.042318 1 0
11 21 0 0.955411 0.0445885 1 0
11 23 0 0.957198 0.0428017 1 0
11 25 1 0
11 26 0 0.957711 0.0422889 1 0
11 31 0 0.95774 0.0422598 1 0
11 32 0 0.957587 0.0424129 1 0
11 49 0 0.957638 0.0423617 1 0
11 50 0 0.957755 0.0422452 1 0
11 53 0 0.957755 0.0422452 1 0
11 56 0 0.957755 0.0422452 1 0
11 57 0 0.957711 0.0422889 1 0
11 64 0 0.957755 0.0422452 1 0
11 72 1 0
11 78 0 0.95774 0.0422598 1 0
11 79 0 0.957287 0.0427133 1 0
11 84 0 0.957755 0.0422452 1 0
11 89 0 0.95736 0.0426398 1 0
11 90 0 0.950609 0.0493908 1 0
11 91 0 0.957638 0.0423617 1 0
13 2 0 0.946749 0.0532509 1 0
13 3 0 0.952055 0.0479447 1 0
13 6 0 0.95739 0.0426105 1 0
13 10 1 0
13 11 0 0.957638 0.0423617 1 0
13 15 0 0.956848 0.043152 1 0
13 19 0 0.943881 0.0561193 1 0
13 20 0 0.952326 0.0476743 1 0
13 21 0 0.882584 0.117416 1 0
13 25 0 0.947754 0.0522463 1 0
13 26 0 0.957711 0.0422889 1 0
13 31 0 0.952683 0.0473168 1 0
13 32 0 0.952583 0.0474175 1 0
13 49 1 0
13 50 0 0.955498 0.044502 1 0
13 53 0 0.950678 0.0493217 1 0
13 56 0 0.957755 0.0422452 1 0
13 57 0 0.953376 0.0466237 1 0
13 64 0 0.953023 0.0469774 1 0
13 72 0 0.955039 0.0449611 1 0
13 78 0 0.957638 0.0423617 1 0
13 79 0 0.954228 0.0457718 1 0
13 84 0 0.954091 0.0459088 1 0
13 89 1 0
13 90 0 0.953586 0.0464138 1 0
13 91 0 0.957551 0.0424493 1 0
15 2 0 0.956505 0.0434949 1 0
15 3 0 0.952495 0.047505 1 0
15 4 0 0.951742 0.0482579 1 0
15 6 0 0.955299 0.0447012 1 0
15 8 0 0.957755 0.0422452 1 0
15 10 0 0.954221 0.0457792 1 0
15 11 0 0.957257 0.0427428 1 0
15 13 1 0
15 19 0 0.957201 0.0427986 1 0
15 20 0 0.955039 0.0449611 1 0
15 21 0 0.950795 0.0492054 1 0
15 23 0 0.956684 0.0433156 1 0
15 25 0 0.957726 0.0422743 1 0
15 26 0 0.957171 0.0428287 1 0
15 31 0 0.957289 0.042711 1 0
15 32 0 0.956684 0.0433156 1 0
15 49 0 0.954246 0.0457543 1 0
15 50 1 0
15 53 0 0.954575 0.0454247 1 0
15 56 0 0.956792 0.0432081 1 0
15 57 0 0.956848 0.043152 1 0
15 64 0 0.951097 0.0489031 1 0
15 72 0 0.95774 0.0422598 1 0
15 78 0 0.957755 0.0422452 1 0
15 79 0 0.953443 0.0465572 1 0
15 84 0 0.954606 0.0453936 1 0
15 89 0 0.956935 0.0430653 1 0
15 90 1 0
15 91 0 0.957274 0.0427257 1 0
19 2 0 0.956875 0.0431246 1 0
19 3 0 0.948819 0.0511814 1 0
19 4 0 0.00866226 0.991338 0 1
19 6 0 0.957098 0.0429025 1 0
19 8 0 0.705119 0.294881 1 2.22045e-16
19 10 0 0.944702 0.0552985 1 0
19 11 0 0.956639 0.0433608 1 0
19 13 0 0.943881 0.0561193 1 0
19 15 1 0
19 20 0 0.956377 0.0436227 1 0
19 21 0 0.95581 0.0441898 1 0
19 23 0 0.951485 0.0485151 1 0
19 25 0 0.0600319 0.939968 0.999379 0.000620742
19 26 0 0.957711 0.0422889 1 0
19 32 0 0.95644 0.0435598 1 0
19 49 0 0.951015 0.0489849 1 0
19 50 0 0.956818 0.0431817 1 0
19 53 0 0.957318 0.0426816 1 0
19 56 1 0
19 57 0 0.955246 0.0447544 1 2.22045e-16
19 64 0 0.949018 0.0509822 1 4.44089e-16
19 72 0 0.905892 0.0941079 1 0
19 78 0 0.887675 0.112325 1 0
19 79 0 0.95293 0.0470702 1 0
19 84 0 0.957318 0.0426816 1 0
19 89 0 0.941392 0.0586083 8.68313e-10 1
19 90 0 0.955039 0.0449611 1 0
19 91 0 0.956257 0.0437432 1 0
20 4 1 0
20 8 0 0.954851 0.0451492 1 0
20 10 0 0.941904 0.0580961 1 0
20 11 0 0.957682 0.042318 1 0
20 13 0 0.952326 0.0476743 1 0
20 15 0 0.955039 0.0449611 1 0
20 19 0 0.956377 0.0436227 1 0
20 21 0 0.084113 0.915887 0 1
20 23 0 0.948453 0.0515472 1 0
20 25 0 0.954281 0.0457189 1 0
20 26 1 0
20 31 0 0.956994 0.043006 1 0
20 32 0 0.847055 0.152945 1 2.22045e-16
20 49 0 0.954002 0.045998 1 0
20 53 0 0.951646 0.0483535 1 0
20 56 0 0.955968 0.0440324 1 0
20 57 0 0.848551 0.151449 0.927556 0.0724438
20 64 0 0.955686 0.0443137 1 0
20 72 0 0.956417 0.0435826 1 0
20 78 0 0.957616 0.0423837 1 0
20 79 1 0
20 84 0 0.741326 0.258674 1 2.22045e-16
20 89 0 0.922172 0.0778278 1 0
20 90 0 0.000135707 0.999864 0 1
20 91 0 0.87804 0.12196 1 0
21 2 0 0.000836967 0.999163 0 1
21 3 0 0.446823 0.553177 0.998645 0.00135497
21 4 0 0.94979 0.0502103 1 7.54952e-15
21 6 0 0.0180103 0.98199 8.73574e-10 1
21 8 0 0.943936 0.0560642 1 0
21 10 1 0
21 11 0 0.955411 0.0445885 1 0
21 13 0 0.882584 0.117416 1 0
21 15 0 0.950795 0.0492054 1 0
21 19 0 0.95581 0.0441898 1 0
21 20 0 0.084113 0.915887 0 1
21 23 0 0.946334 0.0536664 1 0
21 25 0 0.955008 0.044992 1 0
21 26 0 0.15747 0.84253 1 1.39351e-09
21 31 0 0.955704 0.0442964 1 0
21 32 1 0
21 49 0 0.950688 0.0493116 1 0
21 50 0 0.0988201 0.90118 0.999684 0.000316357
21 56 0 0.953602 0.0463978 1 0
21 57 0 0.947382 0.0526177 1 0
21 64 0 0.955067 0.0449332 1 0
21 72 0 0.95554 0.0444596 1 0
21 78 0 0.957201 0.0427992 1 0
21 79 0 0.954824 0.0451763 1 0
21 89 0 0.933092 0.0669082 1 0
21 90 1 0
21 91 0 0.688198 0.311802 1 6.45421e-09
23 2 0 0.916762 0.0832378 1 0
23 3 0 0.955679 0.0443209 1 0
23 4 0 0.944383 0.0556168 1 0
23 6 0 0.934614 0.0653861 1 0
23 8 0 0.734386 0.265614 0 1
23 10 0 0.20969 0.79031 1 2.79274e-11
23 11 0 0.957198 0.0428017 1 0
23 15 0 0.956684 0.0433156 1 0
23 19 1 0
23 20 0 0.948453 0.0515472 1 0
23 21 0 0.946334 0.0536664 1 0
23 25 0 0.955877 0.0441233 1 0
23 26 0 0.957186 0.042814 1 0
23 31 0 0.95406 0.0459403 1 0
23 32 0 0.94881 0.0511897 1 0
23 49 0 0.956684 0.0433156 1 0
23 50 0 0.946276 0.053724 1 0
23 53 0 0.952593 0.0474074 1 0
23 56 1 0
23 57 0 0.954651 0.0453488 1 0
23 64 0 0.956105 0.0438955 1 0
23 72 0 0.94971 0.0502896 1 0
23 78 0 0.957726 0.0422743 1 0
23 79 0 0.955542 0.0444583 1 0
23 84 0 0.956327 0.0436725 1 0
23 89 0 0.940494 0.0595057 1 0
23 90 0 0.952939 0.0470614 1 0
23 91 0 0.95664 0.0433603 1 0
25 2 1 0
25 3 0 0.943465 0.056535 1 0
25 4 0 0.956342 0.0436575 1 0
25 6 0 0.956818 0.0431817 1 0
25 8 0 0.0834192 0.916581 1 6.37717e-08
25 10 0 0.949693 0.0503068 1 0
25 11 0 0.957755 0.0422452 1 0
25 13 0 0.947754 0.0522463 1 0
25 15 0 0.957726 0.0422743 1 0
25 19 0 0.0600319 0.939968 0.999379 0.000620742
25 20 1 0
25 21 0 0.955008 0.044992 1 0
25 23 0 0.955877 0.0441233 1 0
25 26 0 0.957755 0.0422452 1 0
25 31 0 0.130537 0.869463 1 2.05152e-08
25 32 0 0.955115 0.0448854 1 0
25 49 0 0.95774 0.0422598 1 0
25 50 0 0.956372 0.0436275 1 0
25 53 0 0.957755 0.0422452 1 0
25 56 0 0.957755 0.0422452 1 0
25 57 1 0
25 64 0 0.955922 0.0440778 1 0
25 72 0 0.456724 0.543276 1 3.4639e-14
25 78 0 0.134795 0.865205 0 1
25 79 0 0.95774 0.0422598 1 0
25 84 0 0.95774 0.0422598 1 0
25 89 0 0.957304 0.0426963 1 0
25 90 0 0.954652 0.0453483 1 0
25 91 0 0.957304 0.0426963 1 0
26 2 0 0.311234 0.688766 1 7.27148e-10
26 3 1 0
26 4 0 0.923207 0.0767925 1 0
26 6 0 0.176269 0.823731 0 1
26 8 0 0.942578 0.0574216 1 0
26 10 0 0.937401 0.0625992 1 0
26 11 0 0.957711 0.0422889 1 0
26 13 0 0.957711 0.0422889 1 0
26 15 0 0.957171 0.0428287 1 0
26 19 0 0.957711 0.0422889 1 0
26 20 0 0.860803 0.139197 1 0
26 21 1 0
26 23 0 0.957186 0.042814 1 0
26 25 0 0.957755 0.0422452 1 0
26 31 0 0.95774 0.0422598 1 0
26 32 0 0.957186 0.042814 1 0
26 49 0 0.957404 0.0425958 1 0
26 50 0 0.919076 0.0809238 1 0
26 53 0 0.957755 0.0422452 1 0
26 57 0 0.955983 0.0440173 1 0
26 64 0 0.957755 0.0422452 1 0
26 72 1 0
26 78 0 0.957755 0.0422452 1 0
26 79 0 0.95309 0.0469103 1 0
26 84 0 0.947075 0.0529254 1 0
26 89 0 0.948591 0.0514087 1 0
26 90 0 0.123716 0.876284 1 2.40182e-08
26 91 0 0.950094 0.0499063 1 0
31 2 0 0.956412 0.0435879 1 0
31 3 0 0.728677 0.271323 0 1
31 4 0 0.935492 0.0645081 1 0
31 6 1 0
31 8 0 0.773641 0.226359 1 0
31 10 0 0.947505 0.0524951 1 0
31 11 0 0.95774 0.0422598 1 0
31 13 0 0.952683 0.0473168 1 0
31 15 0 0.957289 0.042711 1 0
31 20 0 0.956994 0.043006 1 0
31 21 0 0.955704 0.0442964 1 0
31 23 0 0.95406 0.0459403 1 0
31 25 0 0.130537 0.869463 1 2.05152e-08
31 26 1 0
31 32 0 0.84716 0.15284 1 9.92347e-10
31 49 0 0.957697 0.0423034 1 0
31 50 0 0.956803 0.0431966 1 0
31 53 0 0.957755 0.0422452 1 0
31 56 0 0.957755 0.0422452 1 0
31 57 0 0.957507 0.0424932 1 0
31 64 0 0.926026 0.0739737 0 1
31 72 0 0.873916 0.126084 1 0
31 78 0 0.943169 0.0568306 0.999996 4.09344e-06
31 79 1 0
31 84 0 0.957667 0.0423326 1 0
31 89 0 0.935111 0.0648891 1 0
31 90 0 0.953909 0.0460908 1 0
31 91 0 0.956596 0.043404 1 0
32 2 0 0.952103 0.0478971 1 0
32 3 0 0.952121 0.0478794 1 0
32 4 0 0.95259 0.0474099 1 0
32 6 0 0.955204 0.0447963 1 0
32 8 0 0.95726 0.0427404 1 0
32 10 1 0
32 11 0 0.957587 0.0424129 1 0
32 13 0 0.952583 0.0474175 1 0
32 15 0 0.956684 0.0433156 1 0
32 19 0 0.95644 0.0435598 1 0
32 20 0 0.847055 0.152945 1 2.22045e-16
32 21 0 0.952651 0.0473492 1 0
32 23 0 0.94881 0.0511897 1 0
32 25 0 0.955115 0.0448854 1 0
32 26 0 0.957186 0.042814 1 0
32 31 1 0
32 49 0 0.955125 0.0448753 1 0
32 50 0 0.956357 0.0436425 1 0
32 53 0 0.94115 0.0588498 1 0
32 56 0 0.956878 0.0431224 1 0
32 64 0 0.952073 0.0479274 1 0
32 72 0 0.957755 0.0422452 1 0
32 78 0 0.957439 0.0425613 1 0
32 79 0 0.948007 0.0519934 1 0
32 84 0 0.956432 0.0435676 1 0
32 89 1 0
32 90 0 0.950454 0.0495464 1 0
32 91 0 0.945794 0.0542061 1 0
49 2 0 0.957139 0.0428607 1 0
49 3 0 0.952083 0.0479165 1 0
49 4 0 0.950841 0.0491588 1 0
49 6 0 0.955801 0.0441992 1 0
49 8 0 0.957304 0.0426963 1 0
49 10 0 0.95095 0.0490505 1 0
49 11 0 0.957638 0.0423617 1 0
49 13 1 0
49 15 0 0.954246 0.0457543 1 0
49 19 0 0.951015 0.0489849 1 0
49 20 0 0.954002 0.045998 1 0
49 21 0 0.950688 0.0493116 1 0
49 23 0 0.956684 0.0433156 1 0
49 25 0 0.95774 0.0422598 1 0
49 26 0 0.957404 0.0425958 1 0
49 31 0 0.957697 0.0423034 1 0
49 32 0 0.955125 0.0448753 1 0
49 50 1 0
49 53 0 0.956613 0.0433874 1 0
49 56 0 0.899982 0.100018 1 0
49 57 0 0.954687 0.0453128 1 0
49 64 0 0.00117259 0.998827 0 1
49 72 0 0.95774 0.0422598 1 0
49 78 0 0.95774 0.0422598 1 0
49 79 0 0.0891657 0.910834 0 1
49 84 0 0.957755 0.0422452 1 0
49 89 0 0.952565 0.0474349 1 0
49 90 1 0
49 91 0 0.00255783 0.997442 0 1
50 2 0 0.029899 0.970101 0.988915 0.0110852
50 3 0 0.713993 0.286007 0 1
50 4 0 0.95217 0.0478299 1 0
50 6 0 0.011541 0.988459 0 1
50 8 0 0.957726 0.0422743 1 0
50 10 0 0.942074 0.0579261 1 0
50 11 0 0.957755 0.0422452 1 0
50 13 0 0.955498 0.044502 1 0
50 15 1 0
50 19 0 0.956818 0.0431817 1 0
50 20 0 0.0525037 0.947496 0 1
50 21 0 0.0988201 0.90118 0.999684 0.000316357
50 23 0 0.946276 0.053724 1 0
50 25 0 0.956372 0.0436275 1 0
50 26 0 0.919076 0.0809238 1 0
50 31 0 0.956803 0.0431966 1 0
50 32 0 0.956357 0.0436425 1 0
50 49 0 0.954581 0.0454194 1 0
50 53 1 0
50 56 0 0.955529 0.0444715 1 0
50 57 0 0.956803 0.0431966 1 0
50 64 0 0.956818 0.0431817 1 0
50 72 0 0.956803 0.0431966 1 0
50 78 0 0.957697 0.0423034 1 0
50 79 0 0.954606 0.0453936 1 0
50 84 0 0.359084 0.640916 1 3.16192e-13
50 89 0 0.943271 0.0567287 1 0
50 90 0 0.799888 0.200112 1 0
50 91 1 0
53 2 0 0.952031 0.0479694 1 0
53 3 0 0.955617 0.0443833 1 0
53 4 0 0.951545 0.0484548 1 0
53 6 0 0.956372 0.0436275 1 0
53 8 0 0.956863 0.0431372 1 0
53 10 0 0.949918 0.0500818 1 0
53 11 0 0.957755 0.0422452 1 0
53 13 0 0.950678 0.0493217 1 0
53 15 0 0.954575 0.0454247 1 0
53 19 1 0
53 20 0 0.951646 0.0483535 1 0
53 23 0 0.952593 0.0474074 1 0
53 25 0 0.957755 0.0422452 1 0
53 26 0 0.957755 0.0422452 1 0
53 31 0 0.957755 0.0422452 1 0
53 32 0 0.94115 0.0588498 1 0
53 49 0 0.956613 0.0433874 1 0
53 50 0 0.955983 0.0440173 1 0
53 56 0 0.956878 0.0431224 1 0
53 57 1 0
53 64 0 0.957041 0.0429588 1 0
53 72 0 0.957755 0.0422452 1 0
53 78 0 0.957755 0.0422452 1 0
53 79 0 0.95774 0.0422598 1 0
53 89 0 0.957289 0.042711 1 0
53 90 0 0.954044 0.0459561 1 0
53 91 0 0.956432 0.0435676 1 0
56 2 0 0.955526 0.0444736 1 0
56 3 0 0.954575 0.0454247 1 0
56 4 1 0
56 6 0 0.955483 0.0445173 1 0
56 8 0 0.957755 0.0422452 1 0
56 10 0 0.954993 0.0450074 1 0
56 11 0 0.957755 0.0422452 1 0
56 13 0 0.957755 0.0422452 1 0
56 15 0 0.956792 0.0432081 1 0
56 19 0 0.957304 0.0426963 1 0
56 20 0 0.955968 0.0440324 1 0
56 21 0 0.953602 0.0463978 1 0
56 23 1 0
56 31 0 0.957755 0.0422452 1 0
56 32 0 0.956878 0.0431224 1 0
56 49 0 0.899982 0.100018 1 0
56 50 0 0.955529 0.0444715 1 0
56 53 0 0.956878 0.0431224 1 0
56 57 0 0.956432 0.0435676 1 0
56 64 0 0.952072 0.0479283 1 0
56 72 0 0.957755 0.0422452 1 0
56 78 0 0.957318 0.0426816 1 0
56 79 1 0
56 84 0 0.954606 0.0453936 1 0
56 89 0 0.956863 0.0431372 1 0
56 90 0 0.955054 0.0449456 1 0
56 91 0 0.95217 0.0478299 1 0
57 2 0 0.95523 0.0447704 1 0
57 3 0 0.952579 0.0474206 1 0
57 4 0 0.954066 0.0459337 1 4.68514e-13
57 6 0 0.951645 0.0483554 1 0
57 8 0 0.957711 0.0422889 1 0
57 10 1 0
57 11 0 0.957711 0.0422889 1 0
57 13 0 0.953376 0.0466237 1 0
57 19 0 0.955246 0.0447544 1 2.22045e-16
57 20 0 0.848551 0.151449 0.927556 0.0724438
57 21 0 0.947382 0.0526177 1 0
57 23 0 0.954651 0.0453488 1 0
57 25 0 0.956432 0.0435676 1 0
57 26 0 0.955983 0.0440173 1 0
57 31 0 0.957507 0.0424932 1 0
57 49 1 0
57 50 0 0.956803 0.0431966 1 0
57 53 0 0.946531 0.0534686 1 0
57 56 0 0.956432 0.0435676 1 0
57 64 0 0.952581 0.0474186 0.99874 0.00126005
57 72 0 0.957682 0.042318 1 0
57 78 0 0.957755 0.0422452 1 0
57 79 0 0.953132 0.046868 1 0
57 84 0 0.955573 0.0444272 1 0
57 89 0 0.954442 0.0455575 1 0
57 90 1 0
57 91 0 0.953027 0.0469734 1 0
64 2 0 0.953724 0.046276 1 0
64 3 0 0.893082 0.106918 1 1.11022e-15
64 4 0 0.938654 0.0613463 0.86069 0.13931
64 6 0 0.954466 0.045534 1 0
64 8 0 0.957289 0.042711 1 0
64 10 0 0.952169 0.0478307 1 0
64 11 0 0.957755 0.0422452 1 0
64 13 0 0.953023 0.0469774 1 0
64 15 1 0
64 19 0 0.949018 0.0509822 1 4.44089e-16
64 20 0 0.955686 0.0443137 1 0
64 21 0 0.955067 0.0449332 1 0
64 23 0 0.956105 0.0438955 1 0
64 25 0 0.955922 0.0440778 1 0
64 26 0 0.957755 0.0422452 1 0
64 31 0 0.926026 0.0739737 0 1
64 32 0 0.952073 0.0479274 1 0
64 50 0 0.956818 0.0431817 1 0
64 53 1 0
64 56 0 0.952072 0.0479283 1 0
64 57 0 0.952581 0.0474186 0.99874 0.00126005
64 72 0 0.957304 0.0426963 1 0
64 78 0 0.957587 0.0424133 1 0
64 79 0 0.882852 0.117148 0.998033 0.00196683
64 84 0 0.957755 0.0422452 1 0
64 89 0 0.950512 0.0494876 1 0
64 90 0 0.952453 0.0475474 1 0
64 91 0 0.228045 0.771955 0 1
72 2 1 0
72 3 0 0.94376 0.0562403 0.997947 0.00205309
72 4 0 0.955406 0.0445938 1 0
72 6 0 0.957274 0.0427257 1 0
72 8 0 0.922685 0.0773147 1 0
72 10 0 0.957755 0.0422452 1 0
72 11 0 0.957726 0.0422743 1 0
72 13 0 0.955039 0.0449611 1 0
72 15 0 0.95774 0.0422598 1 0
72 19 0 0.905892 0.0941079 1 0
72 20 1 0
72 21 0 0.95554 0.0444596 1 0
72 23 0 0.94971 0.0502896 1 0
72 25 0 0.456724 0.543276 1 3.4639e-14
72 26 0 0.953597 0.0464035 1 0
72 31 0 0.873916 0.126084 1 0
72 32 0 0.957755 0.0422452 1 0
72 49 0 0.95774 0.0422598 1 0
72 50 0 0.956803 0.0431966 1 0
72 53 0 0.957755 0.0422452 1 0
72 56 1 0
72 57 0 0.957682 0.042318 1 0
72 64 0 0.957304 0.0426963 1 0
72 78 0 0.854215 0.145785 1 0
72 79 0 0.957755 0.0422452 1 0
72 84 0 0.95774 0.0422598 1 0
72 89 0 0.957726 0.0422743 1 0
72 90 0 0.956833 0.0431669 1 0
72 91 0 0.744091 0.255909 0 1
78 2 0 0.957397 0.0426031 1 0
78 3 1 0
78 4 0 0.956774 0.0432263 1 0
78 6 0 0.957602 0.0423983 1 0
78 8 0 0.9431 0.0569003 1 0
78 10 0 0.955983 0.0440173 1 0
78 11 0 0.95774 0.0422598 1 0
78 13 0 0.957638 0.0423617 1 0
78 15 0 0.957755 0.0422452 1 0
78 19 0 0.887675 0.112325 1 0
78 20 0 0.957616 0.0423837 1 0
78 21 1 0
78 23 0 0.957726 0.0422743 1 0
78 25 0 0.134795 0.865205 0 1
78 26 0 0.957755 0.0422452 1 0
78 31 0 0.943169 0.0568306 0.999996 4.09344e-06
78 32 0 0.957439 0.0425613 1 0
78 49 0 0.95774 0.0422598 1 0
78 50 0 0.957697 0.0423034 1 0
78 53 0 0.957755 0.0422452 1 0
78 56 0 0.957318 0.0426816 1 0
78 57 1 0
78 64 0 0.957587 0.0424133 1 0
78 72 0 0.854215 0.145785 1 0
78 79 0 0.95723 0.0427698 1 0
78 84 0 0.95758 0.0424201 1 0
78 89 0 0.946452 0.0535482 0 1
78 90 0 0.956848 0.043152 1 0
78 91 0 0.957755 0.0422452 1 0
79 2 0 0.955255 0.0447449 1 0
79 3 0 0.955905 0.0440945 1 0
79 6 1 0
79 8 0 0.955598 0.0444016 1 0
79 10 0 0.944172 0.0558281 1 0
79 11 0 0.957287 0.0427133 1 0
79 13 0 0.954228 0.0457718 1 0
79 15 0 0.953443 0.0465572 1 0
79 19 0 0.95293 0.0470702 1 0
79 20 0 0.954813 0.0451874 1 0
79 21 0 0.954824 0.0451763 1 0
79 23 0 0.955542 0.0444583 1 0
79 25 1 0
79 26 0 0.95309 0.0469103 1 0
79 31 0 0.954842 0.0451584 1 0
79 32 0 0.948007 0.0519934 1 0
79 49 0 0.0891657 0.910834 0 1
79 50 0 0.954606 0.0453936 1 0
79 53 0 0.95774 0.0422598 1 0
79 56 0 0.892427 0.107573 1 0
79 57 0 0.953132 0.046868 1 0
79 64 0 0.882852 0.117148 0.998033 0.00196683
79 72 1 0
79 78 0 0.95723 0.0427698 1 0
79 84 0 0.957755 0.0422452 1 0
79 89 0 0.946632 0.0533677 0 1
79 90 0 0.956207 0.043793 1 0
79 91 0 0.953132 0.0468685 1 0
84 2 0 0.708188 0.291812 1 3.55271e-14
84 4 0 0.954138 0.0458616 1 0
84 6 0 0.784292 0.215708 1 1.44329e-13
84 8 0 0.957318 0.0426816 1 0
84 10 1 0
84 11 0 0.957755 0.0422452 1 0
84 13 0 0.954091 0.0459088 1 0
84 15 0 0.954606 0.0453936 1 0
84 19 0 0.957318 0.0426816 1 0
84 20 0 0.741326 0.258674 1 2.22045e-16
84 23 0 0.956327 0.0436725 1 0
84 25 0 0.95774 0.0422598 1 0
84 26 0 0.947075 0.0529254 1 0
84 31 0 0.957667 0.0423326 1 0
84 32 1 0
84 49 0 0.957755 0.0422452 1 0
84 50 0 0.359084 0.640916 1 3.16192e-13
84 56 0 0.954606 0.0453936 1 0
84 57 0 0.955573 0.0444272 1 0
84 64 0 0.957755 0.0422452 1 0
84 72 0 0.95774 0.0422598 1 0
84 78 0 0.95758 0.0424201 1 0
84 79 0 0.957755 0.0422452 1 0
84 89 0 0.952203 0.0477972 1 0
84 90 1 0
84 91 0 0.948584 0.051416 1 0
89 2 0 0.94069 0.0593102 1 0
89 3 0 0.946648 0.053352 1 0
89 4 0 0.198458 0.801542 0.00636157 0.993638
89 6 0 0.951761 0.0482394 1 0
89 8 0 0.954293 0.0457074 1 0
89 10 0 0.945659 0.0543411 1 0
89 11 0 0.95736 0.0426398 1 0
89 13 0 0.937083 0.0629165 1 0
89 15 1 0
89 19 0 0.941392 0.0586083 8.68313e-10 1
89 20 0 0.922172 0.0778278 1 0
89 21 0 0.933092 0.0669082 1 0
89 23 0 0.940494 0.0595057 1 0
89 25 0 0.957304 0.0426963 1 0
89 26 0 0.948591 0.0514087 1 0
89 31 0 0.935111 0.0648891 1 0
89 32 0 0.9481 0.0519 1 0
89 49 0 0.952565 0.0474349 1 0
89 50 1 0
89 53 0 0.957289 0.042711 1 0
89 56 0 0.956863 0.0431372 1 0
89 57 0 0.954442 0.0455575 1 0
89 64 0 0.950512 0.0494876 1 0
89 72 0 0.957726 0.0422743 1 0
89 84 0 0.952203 0.0477972 1 0
89 90 0 0.886446 0.113554 1 4.88498e-15
89 91 0 0.489903 0.510097 6.55032e-15 1
90 2 0 1.94703e-07 1 0 1
90 3 1 0
90 4 0 0.955663 0.0443372 1 0
90 6 0 0.000514491 0.999486 0 1
90 8 0 0.799277 0.200723 1 0
90 10 0 0.952653 0.0473466 1 0
90 11 0 0.950609 0.0493908 1 0
90 13 0 0.953586 0.0464138 1 0
90 15 0 0.955181 0.0448188 1 0
90 19 0 0.955039 0.0449611 1 0
90 20 0 0.000135707 0.999864 0 1
90 21 1 0
90 23 0 0.952939 0.0470614 1 0
90 25 0 0.954652 0.0453483 1 0
90 26 0 0.123716 0.876284 1 2.40182e-08
90 31 0 0.953909 0.0460908 1 0
90 32 0 0.950454 0.0495464 1 0
90 49 0 0.955279 0.0447211 1 0
90 50 0 0.799888 0.200112 1 0
90 53 0 0.954044 0.0459561 1 0
90 56 0 0.955054 0.0449456 1 0
90 57 1 0
90 64 0 0.952453 0.0475474 1 0
90 72 0 0.956833 0.0431669 1 0
90 78 0 0.956848 0.043152 1 0
90 79 0 0.956207 0.043793 1 0
90 84 0 0.887369 0.112631 1 0
90 89 0 0.886446 0.113554 1 4.88498e-15
91 2 0 0.848217 0.151783 1 2.22045e-16
91 3 0 0.774689 0.225311 1 1.3487e-12
91 4 0 0.852154 0.147846 1 3.00246e-07
91 6 1 0
91 8 0 0.957381 0.0426194 1 0
91 10 0 0.952099 0.0479006 1 0
91 11 0 0.957638 0.0423617 1 0
91 13 0 0.957551 0.0424493 1 0
91 15 0 0.957274 0.0427257 1 0
91 19 0 0.956257 0.0437432 1 0
91 20 0 0.87804 0.12196 1 0
91 21 0 0.688198 0.311802 1 6.45421e-09
91 23 0 0.95664 0.0433603 1 0
91 25 1 0
91 26 0 0.950094 0.0499063 1 0
91 31 0 0.956596 0.043404 1 0
91 32 0 0.945794 0.0542061 1 0
91 49 0 0.00255783 0.997442 0 1
91 50 0 0.941834 0.0581664 1 0
91 53 0 0.956432 0.0435676 1 0
91 56 0 0.95217 0.0478299 1 0
91 57 0 0.953027 0.0469734 1 0
91 64 0 0.228045 0.771955 0 1
91 72 1 0
91 78 0 0.957755 0.0422452 1 0
91 79 0 0.953132 0.0468685 1 0
91 84 0 0.948584 0.051416 1 0
91 89 0 0.489903 0.510097 6.55032e-15 1
91 90 0 0.219196 0.780804 0 1
