2 6 0 9.02609e-06 0.999991 0 1
2 10 0 0.00538841 0.994612 0 1
2 11 0 0.929185 0.070815 0 1
2 20 0 1.13423e-05 0.999989 0 1
4 8 0 0.0308921 0.969108 0 1
4 13 1 1
4 19 0 0.0509187 0.949081 0 1
4 79 0 0.205347 0.794653 0 1
8 4 0 0.0296717 0.970328 0 1
8 13 0 0.000348651 0.999651 0 1
8 23 0 0.791943 0.208057 0 1
10 2 0 0.00516075 0.994839 0 1
10 8 0 0.920339 0.0796613 1 0
10 79 0 0.930883 0.0691169 1 0
13 4 0 0.00191034 0.99809 0 1
13 8 1 1
13 23 0 0.0785721 0.921428 0 1
19 31 0 0.363523 0.636477 0 1
20 2 0 1.10162e-05 0.999989 0 1
20 3 0 0.463673 0.536327 0 1
20 6 0 9.87234e-07 0.999999 0 1
20 50 0 0.271646 0.728354 0 1
21 53 0 0.865443 0.134557 0 1
21 84 0 0.750741 0.249259 0.999996 3.51853e-06
23 13 0 0.0791097 0.92089 0 1
26 56 1 1
31 19 0 0.362916 0.637084 0 1
32 57 0 0.00191081 0.998089 0 1
53 21 0 0.865228 0.134772 0 1
53 84 0 0.61753 0.38247 0 1
56 25 0 0.940999 0.0590011 1 0
56 26 0 0.895374 0.104626 0 1
57 15 0 0.94027 0.0597302 1 0
57 32 0 0.00191033 0.99809 0 1
64 49 0 0.0236092 0.976391 0 1
79 4 1 1
84 3 0 0.927071 0.0729293 1 1.82225e-11
84 21 0 0.750741 0.249259 0.999996 3.51853e-06
84 53 0 0.61493 0.38507 0 1
89 78 0 0.929698 0.0703017 0 1
89 79 0 0.928839 0.0711606 0 1
90 91 0 0.5 0.5 0 1
2 3 0 0.706179 0.293821 0 1
2 4 0 0.928925 0.0710751 1 0
2 8 0 0.699807 0.300193 0 1
2 13 1 0
2 15 0 0.940405 0.0595952 1 0
2 19 0 0.940805 0.0591954 1 0
2 21 0 0.104436 0.895564 0 1
2 23 0 0.919983 0.0800173 1 9.10383e-15
2 25 0 0.939067 0.0609333 1 0
2 26 0 0.71996 0.28004 1.53577e-12 1
2 31 0 0.940984 0.0590156 1 0
2 32 0 0.937 0.0629995 1 0
2 49 0 0.940994 0.0590064 1 0
2 50 1 0
2 53 0 0.936354 0.063646 1 0
2 56 0 0.939431 0.0605687 1 0
2 57 0 0.939118 0.0608819 1 0
2 64 0 0.938001 0.0619991 1 0
2 72 0 0.938635 0.0613648 1 0
2 78 0 0.941017 0.0589834 1 0
2 79 0 0.939123 0.060877 1 0
2 84 0 0.811338 0.188662 1 7.14984e-14
2 89 0 0.930053 0.069947 1 0
2 90 1 0
2 91 0 0.883261 0.116739 1 2.22045e-16
3 2 0 0.706179 0.293821 0 1
3 4 0 0.931755 0.0682453 1 0
3 6 0 0.472727 0.527273 0 1
3 8 0 0.93705 0.0629499 1 0
3 10 0 0.932377 0.0676232 1 0
3 11 0 0.941051 0.0589488 1 0
3 13 0 0.936478 0.0635216 1 0
3 15 0 0.936891 0.0631087 1 0
3 19 1 0
3 20 0 0.465312 0.534688 0 1
3 21 0 0.670913 0.329087 0 1
3 23 0 0.939627 0.0603731 1 0
3 25 0 0.927629 0.0723706 1 0
3 26 0 0.555284 0.444716 1 6.93667e-09
3 31 0 0.78304 0.21696 0 1
3 32 0 0.936596 0.0634043 1 0
3 49 0 0.936486 0.0635142 1 0
3 50 0 0.778137 0.221863 0 1
3 53 1 0
3 56 0 0.938378 0.0616218 1 0
3 57 0 0.936491 0.0635093 1 0
3 64 0 0.890104 0.109896 1 0
3 72 0 0.929382 0.0706175 0 1
3 78 0 0.937789 0.0622112 1 0
3 79 0 0.939393 0.0606065 1 0
3 84 0 0.927096 0.072904 6.77458e-13 1
3 89 0 0.931341 0.0686593 1 0
3 90 0 0.291586 0.708414 0 1
3 91 1 0
4 2 0 0.928925 0.0710751 1 0
4 3 0 0.931755 0.0682453 1 0
4 6 0 0.933307 0.0666931 1 0
4 10 0 0.879807 0.120193 0 1
4 11 0 0.941127 0.0588734 1 0
4 15 0 0.936596 0.0634035 1 0
4 20 0 0.933832 0.0661679 1 0
4 21 0 0.934804 0.0651958 1 0
4 23 0 0.931006 0.0689941 1 0
4 25 1 0
4 26 0 0.915652 0.084348 1 0
4 31 0 0.920944 0.0790557 1 0
4 32 0 0.936974 0.0630257 1 0
4 49 0 0.935811 0.0641886 1 0
4 50 0 0.936435 0.0635652 1 0
4 53 0 0.936088 0.0639121 1 0
4 56 0 0.93913 0.0608703 1 0
4 57 0 0.937848 0.0621521 1 0
4 64 0 0.923969 0.0760312 1 0
4 72 1 0
4 78 0 0.940299 0.0597008 1 0
4 84 0 0.937981 0.0620192 1 0
4 89 0 0.5 0.5 0 1
4 90 0 0.93952 0.0604799 1 0
4 91 0 0.885648 0.114352 0.162535 0.837465
6 2 0 8.6753e-06 0.999991 0 1
6 3 0 0.472601 0.527399 0 1
6 4 0 0.933307 0.0666931 1 0
6 8 0 0.917867 0.082133 0 1
6 10 1 0
6 11 0 0.934232 0.0657683 0 1
6 13 0 0.940895 0.0591052 1 0
6 15 0 0.939219 0.0607806 1 0
6 19 0 0.940717 0.0592828 1 0
6 20 0 9.33109e-07 0.999999 0 1
6 21 0 0.189984 0.810016 0 1
6 23 0 0.924275 0.0757254 1 0
6 25 0 0.940282 0.0597185 1 0
6 26 0 0.508777 0.491223 0 1
6 31 1 0
6 32 0 0.939783 0.0602167 1 0
6 49 0 0.939579 0.0604205 1 0
6 50 0 0.129392 0.870608 0 1
6 53 0 0.939908 0.0600921 1 0
6 56 0 0.939148 0.0608523 1 0
6 57 0 0.93605 0.0639497 1 0
6 64 0 0.938421 0.0615794 1 0
6 72 0 0.940647 0.0593529 1 0
6 78 0 0.940935 0.0590647 1 0
6 79 1 0
6 84 0 0.840693 0.159307 1 0
6 89 0 0.938008 0.0619921 1 0
6 90 0 0.0212842 0.978716 0 1
6 91 0 0.913214 0.0867863 1 0
8 2 0 0.699807 0.300193 0 1
8 3 0 0.93705 0.0629499 1 0
8 6 0 0.917867 0.082133 0 1
8 10 0 0.920339 0.0796613 1 0
8 11 0 0.94101 0.0589895 1 0
8 15 1 0
8 19 0 0.817015 0.182985 1 6.66134e-16
8 20 0 0.939392 0.0606079 1 0
8 21 0 0.933836 0.0661638 1 0
8 25 0 0.377412 0.622588 0.999972 2.82697e-05
8 26 0 0.928891 0.0711093 1 0
8 31 0 0.841928 0.158072 1 2.22045e-16
8 32 0 0.940653 0.059347 1 0
8 49 0 0.940635 0.0593646 1 0
8 50 0 0.94101 0.0589895 1 0
8 53 1 0
8 56 0 0.940999 0.0590011 1 0
8 57 0 0.941016 0.0589837 1 0
8 64 0 0.940641 0.0593587 1 0
8 72 0 0.920954 0.079046 1 0
8 78 0 0.935482 0.0645183 1 0
8 79 0 0.939227 0.0607728 1 0
8 84 0 0.94063 0.0593704 1 0
8 89 0 0.938372 0.0616278 1 0
8 90 0 0.838194 0.161806 1 0
8 91 1 0
10 3 0 0.932377 0.0676232 1 0
10 4 0 0.880334 0.119666 0 1
10 6 0 0.928227 0.0717732 1 0
10 11 0 0.941005 0.0589953 1 0
10 13 0 0.565995 0.434005 1 9.99689e-12
10 15 0 0.938024 0.0619758 1 0
10 19 0 0.930695 0.0693055 1 0
10 20 0 0.926026 0.0739739 1 0
10 21 0 0.914114 0.0858865 1 0
10 23 1 0
10 25 0 0.934413 0.0655871 1 0
10 26 0 0.925387 0.0746135 1 0
10 31 0 0.932794 0.0672059 1 0
10 32 0 0.922704 0.0772957 1 0
10 49 0 0.9351 0.0649002 1 0
10 50 0 0.931806 0.0681942 1 0
10 53 0 0.934516 0.0654835 1 0
10 56 0 0.938779 0.0612208 1 0
10 57 0 0.935499 0.0645014 1 0
10 64 1 0
10 72 0 0.940999 0.0590011 1 0
10 78 0 0.939508 0.0604919 1 0
10 84 0 0.936984 0.063016 1 0
10 89 0 0.932765 0.0672346 1 0
10 90 0 0.936919 0.0630806 1 0
10 91 0 0.937614 0.0623863 1 0
11 2 0 0.929222 0.0707783 0 1
11 3 0 0.941051 0.0589488 1 0
11 4 0 0.941127 0.0588734 1 0
11 6 1 0
11 8 0 0.94101 0.0589895 1 0
11 10 0 0.941005 0.0589953 1 0
11 13 0 0.941045 0.0589546 1 0
11 15 0 0.941196 0.058804 1 0
11 19 0 0.941161 0.0588387 1 0
11 20 0 0.941028 0.0589721 1 0
11 21 0 0.939348 0.0606519 1 0
11 23 0 0.941219 0.0587809 1 0
11 25 0 0.940999 0.0590011 1 0
11 26 1 0
11 31 0 0.941005 0.0589953 1 0
11 32 0 0.940941 0.0590589 1 0
11 49 0 0.941045 0.0589546 1 0
11 50 0 0.940999 0.0590011 1 0
11 53 0 0.940999 0.0590011 1 0
11 56 0 0.940999 0.0590011 1 0
11 57 0 0.941016 0.0589837 1 0
11 64 0 0.940999 0.0590011 1 0
11 72 0 0.94101 0.0589895 1 0
11 78 1 0
11 79 0 0.941184 0.0588156 1 0
11 84 0 0.940999 0.0590011 1 0
11 89 0 0.941155 0.0588445 1 0
11 90 0 0.934757 0.065243 1 0
11 91 0 0.941045 0.0589546 1 0
13 2 0 0.932562 0.0674385 1 0
13 3 0 0.936478 0.0635216 1 0
13 6 0 0.940895 0.0591052 1 0
13 10 0 0.565995 0.434005 1 9.99689e-12
13 11 1 0
13 15 0 0.94027 0.0597302 1 0
13 19 0 0.928341 0.0716589 1 0
13 20 0 0.938098 0.061902 1 0
13 21 0 0.894912 0.105088 1 0
13 25 0 0.933315 0.0666852 1 0
13 26 0 0.941016 0.0589837 1 0
13 31 0 0.935438 0.0645615 1 0
13 32 0 0.937302 0.0626982 1 0
13 49 0 0.939884 0.0601158 1 0
13 50 1 0
13 53 0 0.935237 0.0647634 1 0
13 56 0 0.940999 0.0590011 1 0
13 57 0 0.938272 0.061728 1 0
13 64 0 0.935306 0.0646942 1 0
13 72 0 0.938761 0.0612389 1 0
13 78 0 0.941045 0.0589546 1 0
13 79 0 0.93674 0.0632603 1 0
13 84 0 0.937999 0.062001 1 0
13 89 0 0.920265 0.0797354 1 0
13 90 1 0
13 91 0 0.94108 0.0589198 1 0
15 2 0 0.940405 0.0595952 1 0
15 3 0 0.936891 0.0631087 1 0
15 4 0 0.936596 0.0634035 1 0
15 6 0 0.939219 0.0607806 1 0
15 8 0 0.940999 0.0590011 1 0
15 10 0 0.938024 0.0619758 1 0
15 11 0 0.941196 0.058804 1 0
15 13 0 0.94027 0.0597302 1 0
15 19 1 0
15 20 0 0.938761 0.0612389 1 0
15 21 0 0.935783 0.0642168 1 0
15 23 0 0.940334 0.0596656 1 0
15 25 0 0.94101 0.0589895 1 0
15 26 0 0.940688 0.059312 1 0
15 31 0 0.940641 0.0593587 1 0
15 32 0 0.940334 0.0596656 1 0
15 49 0 0.938142 0.0618583 1 0
15 50 0 0.938755 0.0612449 1 0
15 53 1 0
15 56 0 0.940085 0.0599152 1 0
15 57 0 0.94027 0.0597302 1 0
15 64 0 0.93567 0.0643301 1 0
15 72 0 0.941005 0.0589953 1 0
15 78 0 0.940999 0.0590011 1 0
15 79 0 0.937679 0.0623212 1 0
15 84 0 0.938366 0.0616339 1 0
15 89 0 0.940781 0.0592187 1 0
15 90 0 0.93878 0.0612201 1 0
15 91 1 0
19 2 0 0.940805 0.0591954 1 0
19 3 0 0.934075 0.0659253 1 0
19 4 0 0.0512807 0.948719 0 1
19 6 0 0.940717 0.0592828 1 0
19 8 0 0.817015 0.182985 1 6.66134e-16
19 10 0 0.930695 0.0693055 1 0
19 11 0 0.941161 0.0588387 1 0
19 13 0 0.928341 0.0716589 1 0
19 15 0 0.940845 0.0591546 1 0
19 20 1 0
19 21 0 0.939139 0.0608611 1 0
19 23 0 0.936697 0.0633034 1 0
19 25 0 0.331378 0.668622 0.992815 0.00718469
19 26 0 0.941016 0.0589837 1 0
19 32 0 0.939997 0.0600034 1 0
19 49 0 0.935111 0.064889 1 0
19 50 0 0.940282 0.0597185 1 0
19 53 0 0.94063 0.0593704 1 0
19 56 0 0.940635 0.0593646 1 0
19 57 1 0
19 64 0 0.932184 0.067816 1 0
19 72 0 0.910541 0.0894589 1 0
19 78 0 0.910844 0.0891564 1 1.33227e-15
19 79 0 0.935499 0.0645011 1 0
19 84 0 0.94063 0.0593704 1 0
19 89 0 0.929047 0.0709532 1 4.44089e-16
19 90 0 0.938761 0.0612389 1 0
19 91 0 0.9406 0.0594003 1 0
20 4 0 0.933832 0.0661679 1 0
20 8 1 0
20 10 0 0.926026 0.0739739 1 0
20 11 0 0.941028 0.0589721 1 0
20 13 0 0.938098 0.061902 1 0
20 15 0 0.938761 0.0612389 1 0
20 19 0 0.940399 0.059601 1 0
20 21 0 0.345286 0.654714 0 1
20 23 0 0.935642 0.0643584 1 0
20 25 0 0.938103 0.0618972 1 0
20 26 0 0.89208 0.10792 1 6.66134e-16
20 31 1 0
20 32 0 0.877943 0.122057 1 6.21725e-15
20 49 0 0.938282 0.0617181 1 0
20 53 0 0.936047 0.0639532 1 0
20 56 0 0.939514 0.0604859 1 0
20 57 0 0.878223 0.121777 1.3789e-13 1
20 64 0 0.939568 0.0604323 1 0
20 72 0 0.93989 0.0601099 1 0
20 78 0 0.940929 0.0590706 1 0
20 79 0 0.938939 0.0610607 1 0
20 84 1 0
20 89 0 0.915028 0.0849716 1 0
20 90 0 0.00746994 0.99253 0 1
20 91 0 0.890222 0.109778 1 0
21 2 0 0.104436 0.895564 0 1
21 3 0 0.670913 0.329087 0 1
21 4 0 0.934804 0.0651958 1 0
21 6 0 0.189984 0.810016 0 1
21 8 0 0.933836 0.0661638 1 0
21 10 0 0.914114 0.0858865 1 0
21 11 1 0
21 13 0 0.894912 0.105088 1 0
21 15 0 0.935783 0.0642168 1 0
21 19 0 0.939139 0.0608611 1 0
21 20 0 0.345286 0.654714 0 1
21 23 0 0.933405 0.0665946 1 0
21 25 0 0.938773 0.0612269 1 0
21 26 0 0.519863 0.480137 0.503353 0.496647
21 31 0 0.940716 0.0592839 1 0
21 32 0 0.937425 0.0625746 1 0
21 49 1 0
21 50 0 0.380842 0.619158 1 3.4741e-07
21 56 0 0.937618 0.0623824 1 0
21 57 0 0.933531 0.0664694 1 0
21 64 0 0.939196 0.0608044 1 0
21 72 0 0.938833 0.0611673 1 0
21 78 0 0.940676 0.0593237 1 0
21 79 0 0.938466 0.0615338 1 0
21 89 0 0.924669 0.0753314 1 0
21 90 0 0.0168241 0.983176 0 1
21 91 1 0
23 2 0 0.919983 0.0800173 1 9.10383e-15
23 3 0 0.939627 0.0603731 1 0
23 4 0 0.931006 0.0689941 1 0
23 6 0 0.924275 0.0757254 1 0
23 8 0 0.793013 0.206987 0 1
23 10 0 0.513118 0.486882 1 1.20095e-10
23 11 0 0.941219 0.0587809 1 0
23 15 0 0.940334 0.0596656 1 0
23 19 0 0.936697 0.0633034 1 0
23 20 1 0
23 21 0 0.933405 0.0665946 1 0
23 25 0 0.93955 0.0604503 1 0
23 26 0 0.940682 0.0593178 1 0
23 31 0 0.938011 0.0619888 1 0
23 32 0 0.934139 0.065861 1 0
23 49 0 0.940334 0.0596656 1 0
23 50 0 0.932007 0.0679931 1 0
23 53 0 0.936854 0.0631458 1 0
23 56 0 0.940452 0.0595485 1 0
23 57 1 0
23 64 0 0.939633 0.060367 1 0
23 72 0 0.934406 0.0655935 1 0
23 78 0 0.94101 0.0589895 1 0
23 79 0 0.939425 0.0605746 1 0
23 84 0 0.939926 0.0600744 1 0
23 89 0 0.928967 0.071033 1 0
23 90 0 0.937343 0.0626566 1 4.44089e-16
23 91 0 0.940352 0.059648 1 0
25 2 0 0.939067 0.0609333 1 0
25 3 1 0
25 4 0 0.93992 0.0600803 1 0
25 6 0 0.940282 0.0597185 1 0
25 8 0 0.377412 0.622588 0.999972 2.82697e-05
25 10 0 0.934413 0.0655871 1 0
25 11 0 0.940999 0.0590011 1 0
25 13 0 0.933315 0.0666852 1 0
25 15 0 0.94101 0.0589895 1 0
25 19 0 0.331378 0.668622 0.992815 0.00718469
25 20 0 0.938103 0.0618972 1 0
25 21 1 0
25 23 0 0.93955 0.0604503 1 0
25 26 0 0.940999 0.0590011 1 0
25 31 0 0.44765 0.55235 0.989872 0.0101282
25 32 0 0.938585 0.0614151 1 0
25 49 0 0.941005 0.0589953 1 0
25 50 0 0.939908 0.0600921 1 0
25 53 0 0.940999 0.0590011 1 0
25 56 0 0.940999 0.0590011 1 0
25 57 0 0.939884 0.0601158 1 0
25 64 1 0
25 72 0 0.6929 0.3071 1 1.2923e-13
25 78 0 0.45037 0.54963 0.999205 0.000794724
25 79 0 0.941005 0.0589953 1 0
25 84 0 0.941005 0.0589953 1 0
25 89 0 0.940635 0.0593646 1 0
25 90 0 0.938201 0.0617989 1 0
25 91 0 0.940635 0.0593646 1 0
26 2 0 0.72002 0.27998 2.10171e-08 1
26 3 0 0.555284 0.444716 1 6.93667e-09
26 4 1 0
26 6 0 0.508319 0.491681 0 1
26 8 0 0.928891 0.0711093 1 0
26 10 0 0.925387 0.0746135 1 0
26 11 0 0.941016 0.0589837 1 0
26 13 0 0.941016 0.0589837 1 0
26 15 0 0.940688 0.059312 1 0
26 19 0 0.941016 0.0589837 1 0
26 20 0 0.89208 0.10792 1 6.66134e-16
26 21 0 0.519863 0.480137 0.503353 0.496647
26 23 1 0
26 25 0 0.940999 0.0590011 1 0
26 31 0 0.941005 0.0589953 1 0
26 32 0 0.940682 0.0593178 1 0
26 49 0 0.940889 0.059111 1 0
26 50 0 0.912292 0.0877078 1 0
26 53 0 0.940999 0.0590011 1 0
26 57 0 0.939508 0.0604919 1 0
26 64 0 0.940999 0.0590011 1 0
26 72 0 0.935669 0.0643315 1 0
26 78 1 0
26 79 0 0.937287 0.0627128 1 0
26 84 0 0.932336 0.0676644 1 0
26 89 0 0.934081 0.0659187 1 0
26 90 0 0.386146 0.613854 1 2.92188e-07
26 91 0 0.93833 0.0616696 1 0
31 2 0 0.940984 0.0590156 1 0
31 3 0 0.782967 0.217033 0 1
31 4 0 0.920944 0.0790557 1 0
31 6 0 0.94027 0.0597302 1 0
31 8 1 0
31 10 0 0.932794 0.0672059 1 0
31 11 0 0.941005 0.0589953 1 0
31 13 0 0.935438 0.0645615 1 0
31 15 0 0.940641 0.0593587 1 0
31 20 0 0.940758 0.059242 1 0
31 21 0 0.940716 0.0592839 1 0
31 23 0 0.938011 0.0619888 1 0
31 25 0 0.44765 0.55235 0.989872 0.0101282
31 26 0 0.941005 0.0589953 1 0
31 32 1 0
31 49 0 0.941022 0.0589779 1 0
31 50 0 0.940287 0.0597126 1 0
31 53 0 0.940999 0.0590011 1 0
31 56 0 0.940999 0.0590011 1 0
31 57 0 0.941098 0.0589024 1 0
31 64 0 0.916113 0.0838873 1 2.53131e-14
31 72 0 0.898118 0.101882 1 2.22045e-16
31 78 0 0.937986 0.0620139 1 5.55112e-15
31 79 0 0.937378 0.0626219 1 0
31 84 1 0
31 89 0 0.920525 0.0794748 1 0
31 90 0 0.938011 0.0619887 1 0
31 91 0 0.939847 0.0601529 1 0
32 2 0 0.937 0.0629995 1 0
32 3 0 0.936596 0.0634043 1 0
32 4 0 0.936974 0.0630257 1 0
32 6 0 0.939783 0.0602167 1 0
32 8 0 0.940653 0.059347 1 0
32 10 0 0.922704 0.0772957 1 0
32 11 1 0
32 13 0 0.937302 0.0626982 1 0
32 15 0 0.940334 0.0596656 1 0
32 19 0 0.939997 0.0600034 1 0
32 20 0 0.877943 0.122057 1 6.21725e-15
32 21 0 0.937425 0.0625746 1 0
32 23 0 0.934139 0.065861 1 0
32 25 0 0.938585 0.0614151 1 0
32 26 0 0.940682 0.0593178 1 0
32 31 0 0.871137 0.128863 0 1
32 49 1 0
32 50 0 0.939914 0.0600862 1 0
32 53 0 0.927604 0.0723962 1 0
32 56 0 0.940258 0.059742 1 0
32 64 0 0.936365 0.0636346 1 0
32 72 0 0.940999 0.0590011 1 0
32 78 0 0.940653 0.0593467 1 0
32 79 0 0.933632 0.0663677 1 0
32 84 0 0.939884 0.0601158 1 0
32 89 0 0.931913 0.0680874 1 0
32 90 1 0
32 91 0 0.932365 0.0676346 1 0
49 2 0 0.940994 0.0590064 1 0
49 3 0 0.936486 0.0635142 1 0
49 4 0 0.935811 0.0641886 1 0
49 6 0 0.939579 0.0604205 1 0
49 8 0 0.940635 0.0593646 1 0
49 10 0 0.9351 0.0649002 1 0
49 11 0 0.941045 0.0589546 1 0
49 13 0 0.939884 0.0601158 1 0
49 15 1 0
49 19 0 0.935111 0.064889 1 0
49 20 0 0.938282 0.0617181 1 0
49 21 0 0.935387 0.0646128 1 0
49 23 0 0.940334 0.0596656 1 0
49 25 0 0.941005 0.0589953 1 0
49 26 0 0.940889 0.059111 1 0
49 31 0 0.941022 0.0589779 1 0
49 32 0 0.939348 0.0606518 1 0
49 50 0 0.938881 0.0611186 1 0
49 53 1 0
49 56 0 0.900388 0.0996117 1 0
49 57 0 0.93815 0.06185 1 0
49 64 0 0.0235987 0.976401 0 1
49 72 0 0.941005 0.0589953 1 0
49 78 0 0.941005 0.0589953 1 0
49 79 0 0.344132 0.655868 0 1
49 84 0 0.940999 0.0590011 1 0
49 89 0 0.936504 0.063496 1 0
49 90 0 0.93896 0.0610403 1 0
49 91 1 0
50 2 0 0.222826 0.777174 1.89306e-07 1
50 3 0 0.780591 0.219409 0 1
50 4 0 0.936435 0.0635652 1 0
50 6 0 0.129773 0.870227 0 1
50 8 0 0.94101 0.0589895 1 0
50 10 0 0.931806 0.0681942 1 0
50 11 0 0.940999 0.0590011 1 0
50 13 0 0.939142 0.0608583 1 0
50 15 0 0.938755 0.0612449 1 0
50 19 1 0
50 20 0 0.271815 0.728185 0 1
50 21 0 0.380842 0.619158 1 3.4741e-07
50 23 0 0.932007 0.0679931 1 0
50 25 0 0.939908 0.0600921 1 0
50 26 0 0.912292 0.0877078 1 0
50 31 0 0.940287 0.0597126 1 0
50 32 0 0.939914 0.0600862 1 0
50 49 0 0.938881 0.0611186 1 0
50 53 0 0.939508 0.0604919 1 0
50 56 1 0
50 57 0 0.940287 0.0597126 1 0
50 64 0 0.940282 0.0597185 1 0
50 72 0 0.940287 0.0597126 1 0
50 78 0 0.941022 0.0589779 1 0
50 79 0 0.938366 0.0616339 1 0
50 84 0 0.626117 0.373883 1 6.34603e-13
50 89 0 0.93031 0.0696896 1 0
50 90 0 0.849071 0.150929 1 0
50 91 0 0.928504 0.0714959 1 0
53 2 1 0
53 3 0 0.938803 0.0611974 1 0
53 4 0 0.936088 0.0639121 1 0
53 6 0 0.939908 0.0600921 1 0
53 8 0 0.940264 0.0597361 1 0
53 10 0 0.934516 0.0654835 1 0
53 11 0 0.940999 0.0590011 1 0
53 13 0 0.935237 0.0647634 1 0
53 15 0 0.938378 0.0616218 1 0
53 19 0 0.94063 0.0593704 1 0
53 20 1 0
53 23 0 0.936854 0.0631458 1 0
53 25 0 0.940999 0.0590011 1 0
53 26 0 0.940999 0.0590011 1 0
53 31 0 0.940999 0.0590011 1 0
53 32 0 0.927604 0.0723962 1 0
53 49 0 0.939985 0.0600153 1 0
53 50 0 0.939508 0.0604919 1 0
53 56 0 0.940258 0.059742 1 0
53 57 0 0.931754 0.0682462 1 0
53 64 1 0
53 72 0 0.940999 0.0590011 1 0
53 78 0 0.940999 0.0590011 1 0
53 79 0 0.941005 0.0589953 1 0
53 89 0 0.940641 0.0593587 1 0
53 90 0 0.938017 0.0619827 1 0
53 91 0 0.939884 0.0601158 1 0
56 2 0 0.939431 0.0605687 1 0
56 3 0 0.938378 0.0616218 1 0
56 4 0 0.93913 0.0608703 1 0
56 6 1 0
56 8 0 0.940999 0.0590011 1 0
56 10 0 0.938779 0.0612208 1 0
56 11 0 0.940999 0.0590011 1 0
56 13 0 0.940999 0.0590011 1 0
56 15 0 0.940085 0.0599152 1 0
56 19 0 0.940635 0.0593646 1 0
56 20 0 0.939514 0.0604859 1 0
56 21 0 0.937618 0.0623824 1 0
56 23 0 0.940452 0.0595485 1 0
56 31 1 0
56 32 0 0.940258 0.059742 1 0
56 49 0 0.900388 0.0996117 1 0
56 50 0 0.93913 0.0608703 1 0
56 53 0 0.940258 0.059742 1 0
56 57 0 0.939884 0.0601158 1 0
56 64 0 0.936472 0.0635278 1 0
56 72 0 0.940999 0.0590011 1 0
56 78 0 0.94063 0.0593704 1 0
56 79 0 0.896189 0.103811 1 0
56 84 1 0
56 89 0 0.940264 0.0597361 1 0
56 90 0 0.938755 0.0612449 1 0
56 91 0 0.936435 0.0635652 1 0
57 2 0 0.939118 0.0608819 1 0
57 3 0 0.936491 0.0635093 1 0
57 4 0 0.937848 0.0621521 1 0
57 6 0 0.93605 0.0639497 1 0
57 8 0 0.941016 0.0589837 1 0
57 10 0 0.935499 0.0645014 1 0
57 11 1 0
57 13 0 0.938272 0.061728 1 0
57 19 0 0.938836 0.0611635 1 0
57 20 0 0.878223 0.121777 1.3789e-13 1
57 21 0 0.933531 0.0664694 1 0
57 23 0 0.938911 0.0610887 1 0
57 25 0 0.939884 0.0601158 1 0
57 26 0 0.939508 0.0604919 1 0
57 31 0 0.941098 0.0589024 1 0
57 49 0 0.93815 0.06185 1 0
57 50 1 0
57 53 0 0.931754 0.0682462 1 0
57 56 0 0.939884 0.0601158 1 0
57 64 0 0.936264 0.0637363 1 0
57 72 0 0.941028 0.0589721 1 0
57 78 0 0.940999 0.0590011 1 0
57 79 0 0.935551 0.0644488 1 0
57 84 0 0.938967 0.0610335 1 0
57 89 0 0.9383 0.0617002 1 0
57 90 0 0.934362 0.0656382 1 0
57 91 1 0
64 2 0 0.938001 0.0619991 1 0
64 3 0 0.890104 0.109896 1 0
64 4 0 0.923969 0.0760312 1 0
64 6 0 0.938421 0.0615794 1 0
64 8 0 0.940641 0.0593587 1 0
64 10 0 0.936663 0.0633365 1 0
64 11 0 0.940999 0.0590011 1 0
64 13 0 0.935306 0.0646942 1 0
64 15 0 0.93567 0.0643301 1 0
64 19 1 0
64 20 0 0.939568 0.0604323 1 0
64 21 0 0.939196 0.0608044 1 0
64 23 0 0.939633 0.060367 1 0
64 25 0 0.939532 0.0604681 1 0
64 26 0 0.940999 0.0590011 1 0
64 31 0 0.916113 0.0838873 1 2.53131e-14
64 32 0 0.936365 0.0636346 1 0
64 50 0 0.940282 0.0597185 1 0
64 53 0 0.940364 0.0596363 1 0
64 56 1 0
64 57 0 0.936264 0.0637363 1 0
64 72 0 0.940635 0.0593646 1 0
64 78 0 0.941011 0.0589894 1 0
64 79 0 0.879929 0.120071 1 7.09433e-13
64 84 0 0.940999 0.0590011 1 0
64 89 0 0.933997 0.0660031 1 0
64 90 0 0.936423 0.0635766 1 0
64 91 0 0.544038 0.455962 0.142402 0.857598
72 2 0 0.938635 0.0613648 1 0
72 3 1 0
72 4 0 0.939178 0.0608224 1 0
72 6 0 0.940647 0.0593529 1 0
72 8 0 0.920954 0.079046 1 0
72 10 0 0.940999 0.0590011 1 0
72 11 0 0.94101 0.0589895 1 0
72 13 0 0.938761 0.0612389 1 0
72 15 0 0.941005 0.0589953 1 0
72 19 0 0.910541 0.0894589 1 0
72 20 0 0.93989 0.0601099 1 0
72 21 1 0
72 23 0 0.934406 0.0655935 1 0
72 25 0 0.6929 0.3071 1 1.2923e-13
72 26 0 0.935669 0.0643315 1 0
72 31 0 0.898118 0.101882 1 2.22045e-16
72 32 0 0.940999 0.0590011 1 0
72 49 0 0.941005 0.0589953 1 0
72 50 0 0.940287 0.0597126 1 0
72 53 0 0.940999 0.0590011 1 0
72 56 0 0.940999 0.0590011 1 0
72 57 1 0
72 64 0 0.940635 0.0593646 1 0
72 78 0 0.885573 0.114427 1 0
72 79 0 0.940999 0.0590011 1 0
72 84 0 0.941005 0.0589953 1 0
72 89 0 0.94101 0.0589895 1 0
72 90 0 0.940276 0.0597243 1 0
72 91 0 0.797436 0.202564 0 1
78 2 0 0.941017 0.0589834 1 0
78 3 0 0.937789 0.0622112 1 0
78 4 1 0
78 6 0 0.940935 0.0590647 1 0
78 8 0 0.935482 0.0645183 1 0
78 10 0 0.939508 0.0604919 1 0
78 11 0 0.941005 0.0589953 1 0
78 13 0 0.941045 0.0589546 1 0
78 15 0 0.940999 0.0590011 1 0
78 19 0 0.910844 0.0891564 1 1.33227e-15
78 20 0 0.940929 0.0590706 1 0
78 21 0 0.940676 0.0593237 1 0
78 23 1 0
78 25 0 0.45037 0.54963 0.999205 0.000794724
78 26 0 0.940999 0.0590011 1 0
78 31 0 0.937986 0.0620139 1 5.55112e-15
78 32 0 0.940653 0.0593467 1 0
78 49 0 0.941005 0.0589953 1 0
78 50 0 0.941022 0.0589779 1 0
78 53 0 0.940999 0.0590011 1 0
78 56 0 0.94063 0.0593704 1 0
78 57 0 0.940999 0.0590011 1 0
78 64 1 0
78 72 0 0.885573 0.114427 1 0
78 79 0 0.940665 0.0593354 1 0
78 84 0 0.941069 0.0589314 1 0
78 89 0 0.929179 0.0708213 0 1
78 90 0 0.94027 0.0597302 1 0
78 91 0 0.940999 0.0590011 1 0
79 2 0 0.939123 0.060877 1 0
79 3 0 0.939393 0.0606065 1 0
79 6 0 0.937483 0.0625166 1 0
79 8 1 0
79 10 0 0.930883 0.0691169 1 0
79 11 0 0.941184 0.0588156 1 0
79 13 0 0.93674 0.0632603 1 0
79 15 0 0.937679 0.0623212 1 0
79 19 0 0.935499 0.0645011 1 0
79 20 0 0.938939 0.0610607 1 0
79 21 0 0.938466 0.0615338 1 0
79 23 0 0.939425 0.0605746 1 0
79 25 0 0.941005 0.0589953 1 0
79 26 1 0
79 31 0 0.937378 0.0626219 1 0
79 32 0 0.933632 0.0663677 1 0
79 49 0 0.344132 0.655868 0 1
79 50 0 0.938366 0.0616339 1 0
79 53 0 0.941005 0.0589953 1 0
79 56 0 0.896189 0.103811 1 0
79 57 0 0.935551 0.0644488 1 0
79 64 0 0.879929 0.120071 1 7.09433e-13
79 72 0 0.940999 0.0590011 1 0
79 78 1 0
79 84 0 0.940999 0.0590011 1 0
79 89 0 0.92897 0.07103 0 1
79 90 0 0.939719 0.060281 1 0
79 91 0 0.93757 0.0624297 1 0
84 2 0 0.811338 0.188662 1 7.14984e-14
84 4 0 0.937981 0.0620192 1 0
84 6 0 0.840693 0.159307 1 0
84 8 0 0.94063 0.0593704 1 0
84 10 0 0.936984 0.063016 1 0
84 11 1 0
84 13 0 0.937999 0.062001 1 0
84 15 0 0.938366 0.0616339 1 0
84 19 0 0.94063 0.0593704 1 0
84 20 0 0.815996 0.184004 1 0
84 23 0 0.939926 0.0600744 1 0
84 25 0 0.941005 0.0589953 1 0
84 26 0 0.932336 0.0676644 1 0
84 31 0 0.941034 0.0589663 1 0
84 32 0 0.939884 0.0601158 1 0
84 49 1 0
84 50 0 0.626117 0.373883 1 6.34603e-13
84 56 0 0.938366 0.0616339 1 0
84 57 0 0.938967 0.0610335 1 0
84 64 0 0.940999 0.0590011 1 0
84 72 0 0.941005 0.0589953 1 0
84 78 0 0.941069 0.0589314 1 0
84 79 0 0.940999 0.0590011 1 0
84 89 0 0.936422 0.0635777 1 0
84 90 0 0.89493 0.10507 1 1.33227e-15
84 91 1 0
89 2 0 0.930053 0.069947 1 0
89 3 0 0.931341 0.0686593 1 0
89 4 0 0.5 0.5 0 1
89 6 0 0.938008 0.0619921 1 0
89 8 0 0.938372 0.0616278 1 0
89 10 0 0.932765 0.0672346 1 0
89 11 0 0.941155 0.0588445 1 0
89 13 0 0.920265 0.0797354 1 0
89 15 0 0.940781 0.0592187 1 0
89 19 1 0
89 20 0 0.915028 0.0849716 1 0
89 21 0 0.924669 0.0753314 1 0
89 23 0 0.928967 0.071033 1 0
89 25 0 0.940635 0.0593646 1 0
89 26 0 0.934081 0.0659187 1 0
89 31 0 0.920525 0.0794748 1 0
89 32 0 0.931913 0.0680874 1 0
89 49 0 0.936504 0.063496 1 0
89 50 0 0.93031 0.0696896 1 0
89 53 1 0
89 56 0 0.940264 0.0597361 1 0
89 57 0 0.9383 0.0617002 1 0
89 64 0 0.933997 0.0660031 1 0
89 72 0 0.94101 0.0589895 1 0
89 84 0 0.936422 0.0635777 1 0
89 90 0 0.887217 0.112783 1 0
89 91 0 0.757037 0.242963 0 1
90 2 0 0.000189397 0.999811 0 1
90 3 0 0.291586 0.708414 0 1
90 4 1 0
90 6 0 0.0212842 0.978716 0 1
90 8 0 0.838194 0.161806 1 0
90 10 0 0.936919 0.0630806 1 0
90 11 0 0.934757 0.065243 1 0
90 13 0 0.937624 0.0623762 1 0
90 15 0 0.93878 0.0612201 1 0
90 19 0 0.938761 0.0612389 1 0
90 20 0 0.00746994 0.99253 0 1
90 21 0 0.0168241 0.983176 0 1
90 23 1 0
90 25 0 0.938201 0.0617989 1 0
90 26 0 0.386146 0.613854 1 2.92188e-07
90 31 0 0.938011 0.0619887 1 0
90 32 0 0.935285 0.0647146 1 0
90 49 0 0.93896 0.0610403 1 0
90 50 0 0.849071 0.150929 1 0
90 53 0 0.938017 0.0619827 1 0
90 56 0 0.938755 0.0612449 1 0
90 57 0 0.934362 0.0656382 1 0
90 64 1 0
90 72 0 0.940276 0.0597243 1 0
90 78 0 0.94027 0.0597302 1 0
90 79 0 0.939719 0.060281 1 0
90 84 0 0.89493 0.10507 1 1.33227e-15
90 89 0 0.887217 0.112783 1 0
91 2 0 0.883261 0.116739 1 2.22045e-16
91 3 0 0.81401 0.18599 1 8.78329e-11
91 4 0 0.885648 0.114352 0.162535 0.837465
91 6 0 0.913214 0.0867863 1 0
91 8 1 0
91 10 0 0.937614 0.0623863 1 0
91 11 0 0.941045 0.0589546 1 0
91 13 0 0.94108 0.0589198 1 0
91 15 0 0.940647 0.0593529 1 0
91 19 0 0.9406 0.0594003 1 0
91 20 0 0.890222 0.109778 1 0
91 21 0 0.791546 0.208454 1 1.9984e-15
91 23 0 0.940352 0.059648 1 0
91 25 0 0.940635 0.0593646 1 0
91 26 1 0
91 31 0 0.939847 0.0601529 1 0
91 32 0 0.932365 0.0676346 1 0
91 49 0 0.0664016 0.933598 0 1
91 50 0 0.928504 0.0714959 1 0
91 53 0 0.939884 0.0601158 1 0
91 56 0 0.936435 0.0635652 1 0
91 57 0 0.937121 0.0628795 1 0
91 64 0 0.544038 0.455962 0.142402 0.857598
91 72 0 0.797436 0.202564 0 1
91 78 1 0
91 79 0 0.93757 0.0624297 1 0
91 84 0 0.933618 0.066382 1 0
91 89 0 0.757037 0.242963 0 1
91 90 0 0.5 0.5 0 1
