2 6 0 1e-07 1 0 1
2 10 0 0.00112305 0.998877 0 1
2 11 0 0.896094 0.103906 0 1
2 20 0 1e-07 1 0 1
4 8 0 0.00483806 0.995162 0 1
4 13 0 4.62532e-05 0.999954 0 1
4 19 1 1
4 79 0 0.143262 0.856738 0 1
8 4 0 0.00473275 0.995267 0 1
8 13 0 2.60846e-05 0.999974 0 1
8 23 0 0.737388 0.262612 0 1
10 2 0 0.00107782 0.998922 0 1
10 8 0 0.919245 0.0807548 1 0
10 79 0 0.934716 0.0652844 1 0
13 4 0 5.85858e-05 0.999941 0 1
13 8 0 2.82025e-05 0.999972 0 1
13 23 1 1
19 31 0 0.0618587 0.938141 0 1
20 2 0 1e-07 1 0 1
20 3 0 0.320506 0.679494 0 1
20 6 0 1e-07 1 0 1
20 50 0 0.0665728 0.933427 0 1
21 53 0 0.85853 0.14147 0 1
21 84 0 0.640064 0.359936 0 1
23 13 0 0.00741553 0.992584 0 1
26 56 0 0.898019 0.101981 0 1
31 19 1 1
32 57 0 1.45109e-05 0.999985 0 1
53 21 0 0.859044 0.140956 0 1
53 84 0 0.575297 0.424703 0 1
56 25 0 0.949519 0.0504813 1 0
56 26 0 0.902906 0.0970939 0 1
57 15 0 0.948525 0.0514748 1 0
57 32 0 1.45171e-05 0.999985 0 1
64 49 0 0.00273078 0.997269 0 1
79 4 0 0.145919 0.854081 0 1
84 3 1 1
84 21 0 0.640064 0.359936 0 1
84 53 0 0.560371 0.439629 0 1
89 78 0 0.935319 0.0646805 0 1
89 79 0 0.937136 0.0628637 1 6.66134e-16
90 91 0 0.251969 0.748031 0.997611 0.00238878
2 3 0 0.233725 0.766275 0 1
2 4 0 0.932054 0.0679461 1 0
2 8 0 0.000455121 0.999545 0 1
2 13 0 0.936866 0.0631336 1 0
2 15 1 0
2 19 0 0.948366 0.0516336 1 0
2 21 0 0.000685072 0.999315 0 1
2 23 0 0.901204 0.0987956 1 9.99645e-13
2 25 0 0.945359 0.0546407 1 0
2 26 0 0.266096 0.733904 0 1
2 31 0 0.947653 0.0523469 1 0
2 32 0 0.942925 0.0570747 1 0
2 49 0 0.948583 0.0514169 1 0
2 50 0 0.0400194 0.959981 0.998466 0.00153369
2 53 1 0
2 56 0 0.946918 0.0530819 1 0
2 57 0 0.946665 0.0533351 1 0
2 64 0 0.945002 0.0549977 1 0
2 72 0 0.946066 0.0539341 1 0
2 78 0 0.948974 0.0510258 1 0
2 79 0 0.946236 0.053764 1 0
2 84 0 0.693999 0.306001 2.02209e-11 1
2 89 0 0.930221 0.0697791 1 0
2 90 0 3.66596e-07 1 0 1
2 91 1 0
3 2 0 0.233725 0.766275 0 1
3 4 0 0.937286 0.0627142 1 0
3 6 0 0.214883 0.785117 0 1
3 8 0 0.936918 0.063082 1 0
3 10 0 0.937568 0.0624323 1 0
3 11 0 0.949317 0.0506826 1 0
3 13 0 0.943317 0.0566831 1 0
3 15 0 0.943766 0.0562341 1 0
3 19 0 0.939758 0.0602419 1 0
3 20 1 0
3 21 0 0.437861 0.562139 0 1
3 23 0 0.947141 0.0528593 1 0
3 25 0 0.934515 0.0654853 1 0
3 26 0 0.304007 0.695993 0.380477 0.619523
3 31 0 0.718823 0.281177 0 1
3 32 0 0.943363 0.0566366 1 0
3 49 0 0.943274 0.0567262 1 0
3 50 0 0.711076 0.288924 0 1
3 53 0 0.94719 0.0528102 1 0
3 56 1 0
3 57 0 0.944208 0.055792 1 0
3 64 0 0.882319 0.117681 1 4.08118e-12
3 72 0 0.93478 0.06522 1 2.53193e-08
3 78 0 0.944086 0.0559136 1 0
3 79 0 0.947457 0.0525432 1 0
3 84 0 0.931625 0.0683753 1 0
3 89 0 0.93643 0.0635696 1 0
3 90 0 0.105239 0.894761 0 1
3 91 0 0.764211 0.235789 0.99998 2.04215e-05
4 2 1 0
4 3 0 0.937286 0.0627142 1 0
4 6 0 0.941332 0.0586677 1 0
4 10 0 0.87324 0.12676 0 1
4 11 0 0.949025 0.0509749 1 0
4 15 0 0.942841 0.0571589 1 0
4 20 0 0.940754 0.0592461 1 0
4 21 0 0.941136 0.0588642 1 0
4 23 0 0.935106 0.0648936 1 0
4 25 0 0.947953 0.0520475 1 0
4 26 1 0
4 31 0 0.925593 0.0744071 1 0
4 32 0 0.943288 0.0567117 1 0
4 49 0 0.941642 0.0583582 1 0
4 50 0 0.943491 0.0565089 1 0
4 53 0 0.942764 0.0572361 1 0
4 56 0 0.947116 0.0528838 1 0
4 57 0 0.945785 0.0542148 1 1.11022e-14
4 64 0 0.929828 0.0701719 0.0111305 0.98887
4 72 0 0.946929 0.0530708 1 0
4 78 1 0
4 84 0 0.945622 0.0543782 1 0
4 89 0 0.194504 0.805496 0 1
4 90 0 0.947087 0.0529125 1 0
4 91 0 0.824065 0.175935 0 1
6 2 0 1e-07 1 0 1
6 3 0 0.215237 0.784763 0 1
6 4 0 0.941332 0.0586677 1 0
6 8 0 0.861758 0.138242 0 1
6 10 0 0.937533 0.0624672 1 0
6 11 1 0
6 13 0 0.948968 0.0510318 1 0
6 15 0 0.946765 0.053235 1 0
6 19 0 0.948708 0.0512922 1 0
6 20 0 1e-07 1 0 1
6 21 0 0.0200695 0.97993 0 1
6 23 0 0.924514 0.0754861 1 0
6 25 0 0.94848 0.0515203 1 0
6 26 0 0.191733 0.808267 1.95353e-11 1
6 31 0 0.948525 0.0514748 1 0
6 32 1 0
6 49 0 0.947327 0.0526729 1 0
6 50 0 0.0169686 0.983031 0 1
6 53 0 0.947998 0.0520015 1 0
6 56 0 0.947046 0.0529538 1 0
6 57 0 0.942915 0.0570853 1 0
6 64 0 0.94591 0.0540897 1 0
6 72 0 0.948979 0.0510208 1 0
6 78 0 0.949289 0.0507109 1 0
6 79 0 0.944519 0.0554813 1 0
6 84 1 0
6 89 0 0.942135 0.0578647 1 0
6 90 0 0.000884131 0.999116 0 1
6 91 0 0.903384 0.0966157 1 0
8 2 0 0.000455121 0.999545 0 1
8 3 0 0.936918 0.063082 1 0
8 6 0 0.861758 0.138242 0 1
8 10 0 0.919245 0.0807548 1 0
8 11 0 0.949474 0.050526 1 0
8 15 0 0.949519 0.0504813 1 0
8 19 1 0
8 20 0 0.946079 0.0539211 1 0
8 21 0 0.933316 0.0666835 1 0
8 25 0 0.099424 0.900576 0.9876 0.0124
8 26 0 0.933349 0.0666513 1 0
8 31 0 0.762378 0.237622 1 0
8 32 0 0.948957 0.0510433 1 0
8 49 0 0.949024 0.0509757 1 0
8 50 0 0.949474 0.050526 1 0
8 53 0 0.948548 0.051452 1 0
8 56 1 0
8 57 0 0.949452 0.0505483 1 0
8 64 0 0.949002 0.0509982 1 0
8 72 0 0.909934 0.0900663 1 0
8 78 0 0.931289 0.068711 1 0
8 79 0 0.947215 0.0527851 1 0
8 84 0 0.949047 0.0509532 1 0
8 89 0 0.945617 0.0543834 1 0
8 90 0 0.792281 0.207719 1 0
8 91 0 0.948903 0.0510975 1 0
10 3 1 0
10 4 0 0.875293 0.124707 0 1
10 6 0 0.937533 0.0624672 1 0
10 11 0 0.949496 0.0505036 1 0
10 13 0 0.298439 0.701561 1 4.44089e-15
10 15 0 0.945679 0.0543208 1 0
10 19 0 0.935509 0.0644908 1 0
10 20 0 0.931599 0.0684011 1 0
10 21 0 0.915921 0.0840787 1 0
10 23 0 0.236785 0.763215 1 3.93019e-14
10 25 1 0
10 26 0 0.927792 0.0722081 1 0
10 31 0 0.9385 0.0615001 1 0
10 32 0 0.923832 0.0761678 1 0
10 49 0 0.941683 0.0583166 1 0
10 50 0 0.93029 0.06971 1 2.29816e-13
10 53 0 0.94127 0.0587295 1 0
10 56 0 0.946505 0.0534953 1 0
10 57 0 0.942348 0.0576517 1 0
10 64 0 0.94336 0.0566401 1 0
10 72 1 0
10 78 0 0.947605 0.0523946 1 0
10 84 0 0.943393 0.0566067 1 0
10 89 0 0.935535 0.0644649 1 0
10 90 0 0.943905 0.0560945 1 0
10 91 0 0.942943 0.0570567 1 0
11 2 0 0.895914 0.104086 0 1
11 3 0 0.949317 0.0506826 1 0
11 4 0 0.949025 0.0509749 1 0
11 6 0 0.940981 0.0590186 1 8.88178e-16
11 8 1 0
11 10 0 0.949496 0.0505036 1 0
11 13 0 0.94934 0.0506602 1 0
11 15 0 0.948754 0.0512464 1 0
11 19 0 0.94773 0.0522697 1 0
11 20 0 0.949407 0.0505931 1 0
11 21 0 0.946748 0.0532524 1 0
11 23 0 0.948663 0.0513372 1 0
11 25 0 0.949519 0.0504813 1 0
11 26 0 0.949452 0.0505483 1 0
11 31 1 0
11 32 0 0.949267 0.0507333 1 0
11 49 0 0.94934 0.0506602 1 0
11 50 0 0.949519 0.0504813 1 0
11 53 0 0.949519 0.0504813 1 0
11 56 0 0.949519 0.0504813 1 0
11 57 0 0.949452 0.0505483 1 0
11 64 0 0.949519 0.0504813 1 0
11 72 0 0.949474 0.050526 1 0
11 78 0 0.949496 0.0505036 1 0
11 79 1 0
11 84 0 0.949519 0.0504813 1 0
11 89 0 0.948912 0.0510878 1 0
11 90 0 0.941296 0.0587039 1 0
11 91 0 0.94934 0.0506602 1 0
13 2 0 0.936866 0.0631336 1 0
13 3 0 0.943317 0.0566831 1 0
13 6 0 0.948968 0.0510318 1 0
13 10 0 0.298439 0.701561 1 4.44089e-15
13 11 0 0.94934 0.0506602 1 0
13 15 1 0
13 19 0 0.93408 0.0659195 1 0
13 20 0 0.943069 0.0569311 1 0
13 21 0 0.869915 0.130085 1 0
13 25 0 0.938637 0.0613628 1 0
13 26 0 0.949452 0.0505483 1 0
13 31 0 0.943762 0.0562376 1 0
13 32 0 0.943687 0.0563133 1 0
13 49 0 0.94809 0.0519098 1 0
13 50 0 0.94707 0.0529305 1 0
13 53 1 0
13 56 0 0.949519 0.0504813 1 0
13 57 0 0.944459 0.0555412 1 0
13 64 0 0.94428 0.0557202 1 0
13 72 0 0.946575 0.0534245 1 0
13 78 0 0.94934 0.0506602 1 0
13 79 0 0.945509 0.054491 1 0
13 84 0 0.94555 0.0544501 1 0
13 89 0 0.927014 0.0729861 1 0
13 90 0 0.944994 0.0550063 1 0
13 91 1 0
15 2 0 0.947999 0.0520007 1 0
15 3 0 0.943766 0.0562341 1 0
15 4 0 0.942841 0.0571589 1 0
15 6 0 0.946765 0.053235 1 0
15 8 0 0.949519 0.0504813 1 0
15 10 0 0.945679 0.0543208 1 0
15 11 0 0.948754 0.0512464 1 0
15 13 0 0.948525 0.0514748 1 0
15 19 0 0.948927 0.0510734 1 0
15 20 1 0
15 21 0 0.941849 0.0581511 1 0
15 23 0 0.948274 0.0517256 1 0
15 25 0 0.949474 0.050526 1 0
15 26 0 0.948821 0.0511789 1 0
15 31 0 0.949002 0.0509982 1 0
15 32 0 0.948274 0.0517256 1 0
15 49 0 0.945709 0.0542911 1 0
15 50 0 0.946599 0.053401 1 0
15 53 0 0.946077 0.0539231 1 0
15 56 1 0
15 57 0 0.948525 0.0514748 1 0
15 64 0 0.942307 0.0576928 1 0
15 72 0 0.949496 0.0505036 1 0
15 78 0 0.949519 0.0504813 1 0
15 79 0 0.944775 0.0552248 1 0
15 84 0 0.946124 0.0538756 1 0
15 89 0 0.948458 0.0515423 1 0
15 90 0 0.946726 0.0532742 1 0
15 91 0 0.948979 0.0510208 1 0
19 2 1 0
19 3 0 0.939758 0.0602419 1 0
19 4 0 0.00145498 0.998545 0 1
19 6 0 0.948708 0.0512922 1 0
19 8 0 0.691042 0.308958 1 7.40625e-09
19 10 0 0.935509 0.0644908 1 0
19 11 0 0.94773 0.0522697 1 0
19 13 0 0.93408 0.0659195 1 0
19 15 0 0.948927 0.0510734 1 0
19 20 0 0.947789 0.052211 1 0
19 21 1 0
19 23 0 0.94247 0.05753 1 0
19 25 0 0.0763326 0.923667 9.54707e-10 1
19 26 0 0.949452 0.0505483 1 0
19 32 0 0.948148 0.0518516 1 0
19 49 0 0.943712 0.0562878 1 0
19 50 0 0.94848 0.0515203 1 0
19 53 0 0.949047 0.0509532 1 0
19 56 0 0.949024 0.0509757 1 0
19 57 0 0.946966 0.0530336 1 0
19 64 1 0
19 72 0 0.892541 0.107459 1 0
19 78 0 0.867166 0.132834 0.459055 0.540945
19 79 0 0.94417 0.0558298 1 0
19 84 0 0.949047 0.0509532 1 0
19 89 0 0.930528 0.0694716 0 1
19 90 0 0.946575 0.0534245 1 0
19 91 0 0.947301 0.0526989 1 0
20 4 0 0.940754 0.0592461 1 0
20 8 0 0.946079 0.0539211 1 0
20 10 1 0
20 11 0 0.949407 0.0505931 1 0
20 13 0 0.943069 0.0569311 1 0
20 15 0 0.946575 0.0534245 1 0
20 19 0 0.947789 0.052211 1 0
20 21 0 0.0876534 0.912347 0 1
20 23 0 0.938821 0.0611795 1 0
20 25 0 0.945901 0.0540985 1 0
20 26 0 0.839111 0.160889 0.994992 0.00500778
20 31 0 0.948549 0.0514512 1 0
20 32 1 0
20 49 0 0.945198 0.0548015 1 0
20 53 0 0.942915 0.0570852 1 0
20 56 0 0.947582 0.0524177 1 0
20 57 0 0.840926 0.159074 0 1
20 64 0 0.947138 0.0528625 1 0
20 72 0 0.948067 0.0519327 1 0
20 78 0 0.949312 0.0506885 1 0
20 79 0 0.946112 0.0538883 1 0
20 84 0 0.738475 0.261525 1 0
20 89 1 0
20 90 0 0.000338384 0.999662 0 1
20 91 0 0.86519 0.13481 1 0
21 2 0 0.000685072 0.999315 0 1
21 3 0 0.437861 0.562139 0 1
21 4 0 0.941136 0.0588642 1 0
21 6 0 0.0200695 0.97993 0 1
21 8 0 0.933316 0.0666835 1 0
21 10 0 0.915921 0.0840787 1 0
21 11 0 0.946748 0.0532524 1 0
21 13 1 0
21 15 0 0.941849 0.0581511 1 0
21 19 0 0.94725 0.0527498 1 0
21 20 0 0.0876534 0.912347 0 1
21 23 0 0.93651 0.0634903 1 0
21 25 0 0.946528 0.0534717 1 0
21 26 0 0.167247 0.832753 0 1
21 31 0 0.946334 0.0536655 1 0
21 32 0 0.9437 0.0563005 1 0
21 49 0 0.941765 0.0582345 1 0
21 50 1 0
21 56 0 0.945018 0.0549821 1 0
21 57 0 0.938 0.0620002 1 0
21 64 0 0.946381 0.0536188 1 0
21 72 0 0.947073 0.0529268 1 0
21 78 0 0.948866 0.0511337 1 0
21 79 0 0.946004 0.0539959 1 0
21 89 0 0.92156 0.0784396 1 4.44089e-16
21 90 0 0.000583637 0.999416 0 1
21 91 0 0.683334 0.316666 0 1
23 2 1 0
23 3 0 0.947141 0.0528593 1 0
23 4 0 0.935106 0.0648936 1 0
23 6 0 0.924514 0.0754861 1 0
23 8 0 0.74542 0.25458 0 1
23 10 0 0.236785 0.763215 1 3.93019e-14
23 11 0 0.948663 0.0513372 1 0
23 15 0 0.948274 0.0517256 1 0
23 19 0 0.94247 0.05753 1 0
23 20 0 0.938821 0.0611795 1 0
23 21 1 0
23 25 0 0.947443 0.0525567 1 0
23 26 0 0.948844 0.0511563 1 0
23 31 0 0.945502 0.0544981 1 0
23 32 0 0.939762 0.0602384 1 0
23 49 0 0.948274 0.0517256 1 0
23 50 0 0.937133 0.0628668 1 0
23 53 0 0.943914 0.0560858 1 0
23 56 0 0.949028 0.0509724 1 0
23 57 0 0.945983 0.054017 1 0
23 64 1 0
23 72 0 0.94089 0.0591104 1 0
23 78 0 0.949474 0.050526 1 0
23 79 0 0.946942 0.0530585 1 0
23 84 0 0.94793 0.0520705 1 0
23 89 0 0.930497 0.0695025 1 0
23 90 0 0.943455 0.0565447 1 0
23 91 0 0.948206 0.0517942 1 0
25 2 0 0.945359 0.0546407 1 0
25 3 0 0.934515 0.0654853 1 0
25 4 1 0
25 6 0 0.94848 0.0515203 1 0
25 8 0 0.099424 0.900576 0.9876 0.0124
25 10 0 0.940864 0.0591363 1 0
25 11 0 0.949519 0.0504813 1 0
25 13 0 0.938637 0.0613628 1 0
25 15 0 0.949474 0.050526 1 0
25 19 0 0.0763326 0.923667 9.54707e-10 1
25 20 0 0.945901 0.0540985 1 0
25 21 0 0.946528 0.0534717 1 0
25 23 1 0
25 26 0 0.949519 0.0504813 1 0
25 31 0 0.144042 0.855958 3.34954e-13 1
25 32 0 0.94666 0.05334 1 0
25 49 0 0.949496 0.0505036 1 0
25 50 0 0.947998 0.0520015 1 0
25 53 0 0.949519 0.0504813 1 0
25 56 0 0.949519 0.0504813 1 0
25 57 0 0.94809 0.0519098 1 0
25 64 0 0.947513 0.0524872 1 0
25 72 1 0
25 78 0 0.168269 0.831731 0 1
25 79 0 0.949496 0.0505036 1 0
25 84 0 0.949496 0.0505036 1 0
25 89 0 0.949024 0.0509757 1 0
25 90 0 0.946162 0.0538377 1 0
25 91 0 0.949024 0.0509757 1 0
26 2 0 0.266027 0.733973 0 1
26 3 0 0.304007 0.695993 0.380477 0.619523
26 4 0 0.913029 0.0869706 1 0
26 6 1 0
26 8 0 0.933349 0.0666513 1 0
26 10 0 0.927792 0.0722081 1 0
26 11 0 0.949452 0.0505483 1 0
26 13 0 0.949452 0.0505483 1 0
26 15 0 0.948821 0.0511789 1 0
26 19 0 0.949452 0.0505483 1 0
26 20 0 0.839111 0.160889 0.994992 0.00500778
26 21 0 0.167247 0.832753 0 1
26 23 0 0.948844 0.0511563 1 0
26 25 1 0
26 31 0 0.949496 0.0505036 1 0
26 32 0 0.948844 0.0511563 1 0
26 49 0 0.948991 0.0510092 1 0
26 50 0 0.909066 0.0909343 1 0
26 53 0 0.949519 0.0504813 1 0
26 57 0 0.947605 0.0523946 1 0
26 64 0 0.949519 0.0504813 1 0
26 72 0 0.944939 0.0550608 1 0
26 78 0 0.949519 0.0504813 1 0
26 79 1 0
26 84 0 0.938092 0.0619084 1 0
26 89 0 0.939437 0.0605631 1 0
26 90 0 0.148844 0.851156 1 2.13743e-08
26 91 0 0.939863 0.0601371 1 0
31 2 0 0.947653 0.0523469 1 0
31 3 0 0.718365 0.281635 0 1
31 4 0 0.925593 0.0744071 1 0
31 6 0 0.948525 0.0514748 1 0
31 8 0 0.762378 0.237622 1 0
31 10 1 0
31 11 0 0.949496 0.0505036 1 0
31 13 0 0.943762 0.0562376 1 0
31 15 0 0.949002 0.0509982 1 0
31 20 0 0.948549 0.0514512 1 0
31 21 0 0.946334 0.0536655 1 0
31 23 0 0.945502 0.0544981 1 0
31 25 0 0.144042 0.855958 3.34954e-13 1
31 26 0 0.949496 0.0505036 1 0
31 32 0 0.828049 0.171951 0 1
31 49 1 0
31 50 0 0.948457 0.051543 1 0
31 53 0 0.949519 0.0504813 1 0
31 56 0 0.949519 0.0504813 1 0
31 57 0 0.949138 0.0508623 1 0
31 64 0 0.916079 0.0839206 0 1
31 72 0 0.857055 0.142945 1 3.28182e-13
31 78 0 0.930118 0.069882 1.60024e-07 1
31 79 0 0.946298 0.0537023 1 0
31 84 0 0.949385 0.0506154 1 0
31 89 1 0
31 90 0 0.945258 0.0547421 1 0
31 91 0 0.94837 0.0516295 1 0
32 2 0 0.942925 0.0570747 1 0
32 3 0 0.943363 0.0566366 1 0
32 4 0 0.943288 0.0567117 1 0
32 6 0 0.946094 0.0539063 1 0
32 8 0 0.948957 0.0510433 1 0
32 10 0 0.923832 0.0761678 1 0
32 11 0 0.949267 0.0507333 1 0
32 13 1 0
32 15 0 0.948274 0.0517256 1 0
32 19 0 0.948148 0.0518516 1 0
32 20 0 0.833262 0.166738 1 3.86735e-12
32 21 0 0.9437 0.0563005 1 0
32 23 0 0.939762 0.0602384 1 0
32 25 0 0.94666 0.05334 1 0
32 26 0 0.948844 0.0511563 1 0
32 31 0 0.828049 0.171951 0 1
32 49 0 0.946298 0.0537021 1 0
32 50 1 0
32 53 0 0.931669 0.0683312 1 0
32 56 0 0.948571 0.0514293 1 0
32 64 0 0.943742 0.0562581 1 0
32 72 0 0.949519 0.0504813 1 0
32 78 0 0.949168 0.0508324 1 0
32 79 0 0.939554 0.0604462 1 0
32 84 0 0.94809 0.0519098 1 0
32 89 0 0.938697 0.0613031 1 0
32 90 0 0.941629 0.0583708 1 0
32 91 1 0
49 2 0 0.948583 0.0514169 1 0
49 3 0 0.943274 0.0567262 1 0
49 4 0 0.941642 0.0583582 1 0
49 6 0 0.947327 0.0526729 1 0
49 8 0 0.949024 0.0509757 1 0
49 10 0 0.941683 0.0583166 1 0
49 11 0 0.94934 0.0506602 1 0
49 13 0 0.94809 0.0519098 1 0
49 15 0 0.945709 0.0542911 1 0
49 19 1 0
49 20 0 0.945198 0.0548015 1 0
49 21 0 0.941765 0.0582345 1 0
49 23 0 0.948274 0.0517256 1 0
49 25 0 0.949496 0.0505036 1 0
49 26 0 0.948991 0.0510092 1 0
49 31 0 0.949429 0.0505707 1 0
49 32 0 0.946298 0.0537021 1 0
49 50 0 0.945861 0.0541395 1 0
49 53 0 0.948426 0.0515743 1 0
49 56 1 0
49 57 0 0.946611 0.0533892 1 0
49 64 0 0.00272443 0.997276 0 1
49 72 0 0.949496 0.0505036 1 0
49 78 0 0.949496 0.0505036 1 0
49 79 0 0.113636 0.886364 0 1
49 84 0 0.949519 0.0504813 1 0
49 89 0 0.943792 0.0562076 1 0
49 90 0 0.94705 0.05295 1 0
49 91 0 0.00412761 0.995872 0 1
50 2 1 0
50 3 0 0.717165 0.282835 0 1
50 4 0 0.943491 0.0565089 1 0
50 6 0 0.017083 0.982917 0 1
50 8 0 0.949474 0.050526 1 0
50 10 0 0.93029 0.06971 1 2.29816e-13
50 11 0 0.949519 0.0504813 1 0
50 13 0 0.94707 0.0529305 1 0
50 15 0 0.946599 0.053401 1 0
50 19 0 0.94848 0.0515203 1 0
50 20 1 0
50 21 0 0.121302 0.878698 0.999926 7.43809e-05
50 23 0 0.937133 0.0628668 1 0
50 25 0 0.947998 0.0520015 1 0
50 26 0 0.909066 0.0909343 1 0
50 31 0 0.948457 0.051543 1 0
50 32 0 0.947975 0.0520245 1 0
50 49 0 0.945861 0.0541395 1 0
50 53 0 0.947605 0.0523946 1 0
50 56 0 0.947116 0.0528838 1 0
50 57 1 0
50 64 0 0.94848 0.0515203 1 0
50 72 0 0.948457 0.051543 1 0
50 78 0 0.949429 0.0505707 1 0
50 79 0 0.946124 0.0538756 1 0
50 84 0 0.382189 0.617811 1 2.22045e-16
50 89 0 0.933547 0.0664528 1 0
50 90 0 0.791177 0.208823 1 0
50 91 0 0.932497 0.0675027 1 0
53 2 0 0.943285 0.0567145 1 0
53 3 1 0
53 4 0 0.942764 0.0572361 1 0
53 6 0 0.947998 0.0520015 1 0
53 8 0 0.948548 0.051452 1 0
53 10 0 0.94127 0.0587295 1 0
53 11 0 0.949519 0.0504813 1 0
53 13 0 0.941898 0.0581021 1 0
53 15 0 0.946077 0.0539231 1 0
53 19 0 0.949047 0.0509532 1 0
53 20 0 0.942915 0.0570852 1 0
53 23 1 0
53 25 0 0.949519 0.0504813 1 0
53 26 0 0.949519 0.0504813 1 0
53 31 0 0.949519 0.0504813 1 0
53 32 0 0.931669 0.0683312 1 0
53 49 0 0.948426 0.0515743 1 0
53 50 0 0.947605 0.0523946 1 0
53 56 0 0.948571 0.0514293 1 0
53 57 0 0.93748 0.0625196 1 0
53 64 0 0.948881 0.0511194 1 0
53 72 1 0
53 78 0 0.949519 0.0504813 1 0
53 79 0 0.949496 0.0505036 1 0
53 89 0 0.949002 0.0509982 1 0
53 90 0 0.945478 0.0545221 1 0
53 91 0 0.94809 0.0519098 1 0
56 2 0 0.946918 0.0530819 1 0
56 3 0 0.946077 0.0539231 1 0
56 4 0 0.947116 0.0528838 1 0
56 6 0 0.947046 0.0529538 1 0
56 8 1 0
56 10 0 0.946505 0.0534953 1 0
56 11 0 0.949519 0.0504813 1 0
56 13 0 0.949519 0.0504813 1 0
56 15 0 0.948759 0.0512412 1 0
56 19 0 0.949024 0.0509757 1 0
56 20 0 0.947582 0.0524177 1 0
56 21 0 0.945018 0.0549821 1 0
56 23 0 0.949028 0.0509724 1 0
56 31 0 0.949519 0.0504813 1 0
56 32 1 0
56 49 0 0.889682 0.110318 1 0
56 50 0 0.947116 0.0528838 1 0
56 53 0 0.948571 0.0514293 1 0
56 57 0 0.94809 0.0519098 1 0
56 64 0 0.943342 0.0566582 1 0
56 72 0 0.949519 0.0504813 1 0
56 78 0 0.949047 0.0509532 1 0
56 79 0 0.881974 0.118026 1 0
56 84 0 0.946124 0.0538756 1 0
56 89 1 0
56 90 0 0.946599 0.053401 1 0
56 91 0 0.943491 0.0565089 1 0
57 2 0 0.946665 0.0533351 1 0
57 3 0 0.944208 0.055792 1 0
57 4 0 0.945785 0.0542148 1 1.11022e-14
57 6 0 0.942915 0.0570853 1 0
57 8 0 0.949452 0.0505483 1 0
57 10 0 0.942348 0.0576517 1 0
57 11 0 0.949452 0.0505483 1 0
57 13 1 0
57 19 0 0.946966 0.0530336 1 0
57 20 0 0.840926 0.159074 0 1
57 21 0 0.938 0.0620002 1 0
57 23 0 0.945983 0.054017 1 0
57 25 0 0.94809 0.0519098 1 0
57 26 0 0.947605 0.0523946 1 0
57 31 0 0.949138 0.0508623 1 0
57 49 0 0.946611 0.0533892 1 0
57 50 0 0.948457 0.051543 1 0
57 53 1 0
57 56 0 0.94809 0.0519098 1 0
57 64 0 0.944476 0.0555243 0.956634 0.043366
57 72 0 0.949407 0.0505931 1 0
57 78 0 0.949519 0.0504813 1 0
57 79 0 0.94447 0.0555304 1 0
57 84 0 0.947153 0.0528468 1 0
57 89 0 0.94588 0.0541198 1 0
57 90 0 0.941276 0.058724 1 0
57 91 0 0.944033 0.0559674 1 0
64 2 1 0
64 3 0 0.882319 0.117681 1 4.08118e-12
64 4 0 0.929828 0.0701719 0.0111305 0.98887
64 6 0 0.94591 0.0540897 1 0
64 8 0 0.949002 0.0509982 1 0
64 10 0 0.94336 0.0566401 1 0
64 11 0 0.949519 0.0504813 1 0
64 13 0 0.94428 0.0557202 1 0
64 15 0 0.942307 0.0576928 1 0
64 19 0 0.940521 0.0594788 1 0
64 20 1 0
64 21 0 0.946381 0.0536188 1 0
64 23 0 0.947852 0.052148 1 0
64 25 0 0.947513 0.0524872 1 0
64 26 0 0.949519 0.0504813 1 0
64 31 0 0.916079 0.0839206 0 1
64 32 0 0.943742 0.0562581 1 0
64 50 0 0.94848 0.0515203 1 0
64 53 0 0.948881 0.0511194 1 0
64 56 0 0.943342 0.0566582 1 0
64 57 1 0
64 72 0 0.949024 0.0509757 1 0
64 78 0 0.949247 0.0507531 1 0
64 79 0 0.881304 0.118696 3.83185e-07 1
64 84 0 0.949519 0.0504813 1 0
64 89 0 0.94146 0.0585396 1 0
64 90 0 0.943937 0.0560628 1 0
64 91 0 0.288554 0.711446 0 1
72 2 0 0.946066 0.0539341 1 0
72 3 0 0.934697 0.0653027 1 3.35472e-08
72 4 1 0
72 6 0 0.948979 0.0510208 1 0
72 8 0 0.909934 0.0900663 1 0
72 10 0 0.949519 0.0504813 1 0
72 11 0 0.949474 0.050526 1 0
72 13 0 0.946575 0.0534245 1 0
72 15 0 0.949496 0.0505036 1 0
72 19 0 0.892541 0.107459 1 0
72 20 0 0.948067 0.0519327 1 0
72 21 0 0.947073 0.0529268 1 0
72 23 1 0
72 25 0 0.469152 0.530848 1 5.32907e-15
72 26 0 0.944939 0.0550608 1 0
72 31 0 0.857055 0.142945 1 3.28182e-13
72 32 0 0.949519 0.0504813 1 0
72 49 0 0.949496 0.0505036 1 0
72 50 0 0.948457 0.051543 1 0
72 53 0 0.949519 0.0504813 1 0
72 56 0 0.949519 0.0504813 1 0
72 57 0 0.949407 0.0505931 1 0
72 64 1 0
72 78 0 0.838655 0.161345 1 6.66134e-16
72 79 0 0.949519 0.0504813 1 0
72 84 0 0.949496 0.0505036 1 0
72 89 0 0.949474 0.050526 1 0
72 90 0 0.948502 0.0514975 1 0
72 91 0 0.692629 0.307371 0 1
78 2 0 0.948974 0.0510258 1 0
78 3 0 0.944086 0.0559136 1 0
78 4 0 0.948411 0.0515886 1 0
78 6 1 0
78 8 0 0.931289 0.068711 1 0
78 10 0 0.947605 0.0523946 1 0
78 11 0 0.949496 0.0505036 1 0
78 13 0 0.94934 0.0506602 1 0
78 15 0 0.949519 0.0504813 1 0
78 19 0 0.867166 0.132834 0.459055 0.540945
78 20 0 0.949312 0.0506885 1 0
78 21 0 0.948866 0.0511337 1 0
78 23 0 0.949474 0.050526 1 0
78 25 1 0
78 26 0 0.949519 0.0504813 1 0
78 31 0 0.930118 0.069882 1.60024e-07 1
78 32 0 0.949168 0.0508324 1 0
78 49 0 0.949496 0.0505036 1 0
78 50 0 0.949429 0.0505707 1 0
78 53 0 0.949519 0.0504813 1 0
78 56 0 0.949047 0.0509532 1 0
78 57 0 0.949519 0.0504813 1 0
78 64 0 0.949247 0.0507531 1 0
78 72 1 0
78 79 0 0.948912 0.0510885 1 0
78 84 0 0.94925 0.0507499 1 0
78 89 0 0.935814 0.0641859 0 1
78 90 0 0.948525 0.0514748 1 0
78 91 0 0.949519 0.0504813 1 0
79 2 0 0.946236 0.053764 1 0
79 3 0 0.947457 0.0525432 1 0
79 6 0 0.944519 0.0554813 1 0
79 8 0 0.947215 0.0527851 1 0
79 10 1 0
79 11 0 0.948799 0.051201 1 0
79 13 0 0.945509 0.054491 1 0
79 15 0 0.944775 0.0552248 1 0
79 19 0 0.94417 0.0558298 1 0
79 20 0 0.946112 0.0538883 1 0
79 21 0 0.946004 0.0539959 1 0
79 23 0 0.946942 0.0530585 1 0
79 25 0 0.949496 0.0505036 1 0
79 26 0 0.944261 0.0557392 1 0
79 31 1 0
79 32 0 0.939554 0.0604462 1 0
79 49 0 0.113636 0.886364 0 1
79 50 0 0.946124 0.0538756 1 0
79 53 0 0.949496 0.0505036 1 0
79 56 0 0.881974 0.118026 1 0
79 57 0 0.94447 0.0555304 1 0
79 64 0 0.881304 0.118696 3.83185e-07 1
79 72 0 0.949519 0.0504813 1 0
79 78 0 0.948912 0.0510885 1 0
79 84 1 0
79 89 0 0.93757 0.0624297 1 2.22045e-16
79 90 0 0.947756 0.0522439 1 0
79 91 0 0.944438 0.0555619 1 0
84 2 0 0.693999 0.306001 2.02209e-11 1
84 4 0 0.945622 0.0543782 1 0
84 6 0 0.772263 0.227737 1.11022e-15 1
84 8 0 0.949047 0.0509532 1 0
84 10 0 0.943393 0.0566067 1 0
84 11 0 0.949519 0.0504813 1 0
84 13 1 0
84 15 0 0.946124 0.0538756 1 0
84 19 0 0.949047 0.0509532 1 0
84 20 0 0.738475 0.261525 1 0
84 23 0 0.94793 0.0520705 1 0
84 25 0 0.949496 0.0505036 1 0
84 26 0 0.938092 0.0619084 1 0
84 31 0 0.949385 0.0506154 1 0
84 32 0 0.94809 0.0519098 1 0
84 49 0 0.949519 0.0504813 1 0
84 50 1 0
84 56 0 0.946124 0.0538756 1 0
84 57 0 0.947153 0.0528468 1 0
84 64 0 0.949519 0.0504813 1 0
84 72 0 0.949496 0.0505036 1 0
84 78 0 0.94925 0.0507499 1 0
84 79 0 0.949519 0.0504813 1 0
84 89 0 0.943541 0.0564592 1 0
84 90 0 0.873743 0.126257 1 4.44089e-16
84 91 0 0.939653 0.0603467 1 0
89 2 1 0
89 3 0 0.93643 0.0635696 1 0
89 4 0 0.194504 0.805496 0 1
89 6 0 0.942135 0.0578647 1 0
89 8 0 0.945617 0.0543834 1 0
89 10 0 0.935535 0.0644649 1 0
89 11 0 0.948912 0.0510878 1 0
89 13 0 0.927014 0.0729861 1 0
89 15 0 0.948458 0.0515423 1 0
89 19 0 0.930528 0.0694716 0 1
89 20 1 0
89 21 0 0.92156 0.0784396 1 4.44089e-16
89 23 0 0.930497 0.0695025 1 0
89 25 0 0.949024 0.0509757 1 0
89 26 0 0.939437 0.0605631 1 0
89 31 0 0.925306 0.0746936 1 0
89 32 0 0.938697 0.0613031 1 0
89 49 0 0.943792 0.0562076 1 0
89 50 0 0.933547 0.0664528 1 0
89 53 0 0.949002 0.0509982 1 0
89 56 1 0
89 57 0 0.94588 0.0541198 1 0
89 64 0 0.94146 0.0585396 1 0
89 72 0 0.949474 0.050526 1 0
89 84 0 0.943541 0.0564592 1 0
89 90 0 0.880195 0.119805 1 0
89 91 0 0.429482 0.570518 0 1
90 2 0 3.6718e-07 1 0 1
90 3 0 0.105239 0.894761 0 1
90 4 0 0.947087 0.0529125 1 0
90 6 1 0
90 8 0 0.792281 0.207719 1 0
90 10 0 0.943905 0.0560945 1 0
90 11 0 0.941296 0.0587039 1 0
90 13 0 0.944994 0.0550063 1 0
90 15 0 0.946726 0.0532742 1 0
90 19 0 0.946575 0.0534245 1 0
90 20 0 0.000338384 0.999662 0 1
90 21 0 0.000583637 0.999416 0 1
90 23 0 0.943455 0.0565447 1 0
90 25 1 0
90 26 0 0.148844 0.851156 1 2.13743e-08
90 31 0 0.945258 0.0547421 1 0
90 32 0 0.941629 0.0583708 1 0
90 49 0 0.94705 0.05295 1 0
90 50 0 0.791177 0.208823 1 0
90 53 0 0.945478 0.0545221 1 0
90 56 0 0.946599 0.053401 1 0
90 57 0 0.941276 0.058724 1 0
90 64 0 0.943937 0.0560628 1 0
90 72 1 0
90 78 0 0.948525 0.0514748 1 0
90 79 0 0.947756 0.0522439 1 0
90 84 0 0.873743 0.126257 1 4.44089e-16
90 89 0 0.880195 0.119805 1 0
91 2 0 0.830868 0.169132 0.999991 9.30154e-06
91 3 0 0.764211 0.235789 0.99998 2.04215e-05
91 4 0 0.824065 0.175935 0 1
91 6 0 0.903384 0.0966157 1 0
91 8 0 0.948903 0.0510975 1 0
91 10 1 0
91 11 0 0.94934 0.0506602 1 0
91 13 0 0.949205 0.0507948 1 0
91 15 0 0.948979 0.0510208 1 0
91 19 0 0.947301 0.0526989 1 0
91 20 0 0.86519 0.13481 1 0
91 21 0 0.683334 0.316666 0 1
91 23 0 0.948206 0.0517942 1 0
91 25 0 0.949024 0.0509757 1 0
91 26 0 0.939863 0.0601371 1 0
91 31 1 0
91 32 0 0.935933 0.0640672 1 0
91 49 0 0.00412761 0.995872 0 1
91 50 0 0.932497 0.0675027 1 0
91 53 0 0.94809 0.0519098 1 0
91 56 0 0.943491 0.0565089 1 0
91 57 0 0.944033 0.0559674 1 0
91 64 0 0.288554 0.711446 0 1
91 72 0 0.692629 0.307371 0 1
91 78 0 0.949519 0.0504813 1 0
91 79 1 0
91 84 0 0.939653 0.0603467 1 0
91 89 0 0.429482 0.570518 0 1
91 90 0 0.253094 0.746906 0.986122 0.0138776
