2 6 0 1e-07 1 0 1
2 10 0 0.00049441 0.999506 0 1
2 11 0 0.9279 0.0720995 0 1
2 20 0 1e-07 1 0 1
4 8 0 0.00846418 0.991536 0 1
4 13 0 0.000164767 0.999835 0 1
4 19 0 0.0132425 0.986757 0 1
4 79 1 1
8 4 0 0.00866359 0.991336 0 1
8 13 0 9.3033e-06 0.999991 0 1
8 23 0 0.767293 0.232707 0 1
10 2 0 0.000500297 0.9995 0 1
10 8 0 0.940876 0.0591243 1 0
10 79 0 0.954146 0.0458538 1 0
13 4 0 0.000191068 0.999809 0 1
13 8 0 9.50648e-06 0.99999 0 1
13 23 0 0.00349895 0.996501 0 1
19 31 1 1
20 2 0 1e-07 1 0 1
20 3 0 0.275777 0.724223 0 1
20 6 0 1e-07 1 0 1
20 50 0 0.0454496 0.95455 0 1
21 53 0 0.887669 0.112331 0 1
21 84 0 0.642016 0.357984 2.66524e-07 1
23 13 0 0.00354286 0.996457 0 1
26 56 0 0.926781 0.0732191 0 1
31 19 0 0.0528385 0.947161 0 1
32 57 1 1
53 21 0 0.888215 0.111785 0 1
53 84 0 0.618928 0.381072 0 1
56 25 0 0.966181 0.0338193 1 0
56 26 0 0.927974 0.0720264 0 1
57 15 0 0.96539 0.0346102 1 0
57 32 0 3.26641e-06 0.999997 0 1
64 49 0 0.000790875 0.999209 0 1
79 4 0 0.107294 0.892706 0 1
84 3 0 0.951383 0.0486166 1 2.22045e-16
84 21 1 1
84 53 0 0.609735 0.390265 0 1
89 78 0 0.957265 0.0427349 0 1
89 79 0 0.956296 0.0437041 0 1
90 91 0 0.204691 0.795309 0 1
2 3 0 0.218458 0.781542 0 1
2 4 0 0.952007 0.0479928 1 0
2 8 0 0.000554298 0.999446 0 1
2 13 0 0.955934 0.0440664 1 0
2 15 0 0.96503 0.0349698 1 0
2 19 1 0
2 21 0 0.000330322 0.99967 0 1
2 23 0 0.927142 0.0728575 1 2.22045e-16
2 25 0 0.96298 0.0370199 1 0
2 26 0 0.259533 0.740467 0 1
2 31 0 0.964851 0.0351488 1 0
2 32 0 0.961038 0.0389616 1 0
2 49 0 0.965546 0.0344542 1 0
2 50 0 0.0234857 0.976514 3.70722e-08 1
2 53 0 0.96117 0.0388297 1 0
2 56 1 0
2 57 0 0.963941 0.0360593 1 0
2 64 0 0.962621 0.037379 1 0
2 72 0 0.96347 0.0365299 1 0
2 78 0 0.965811 0.034189 1 0
2 79 0 0.963795 0.0362051 1 0
2 84 0 0.716689 0.283311 1 7.50511e-14
2 89 0 0.950692 0.0493081 1 0
2 90 0 1e-07 1 0 1
2 91 0 0.860701 0.139299 1 3.33067e-15
3 2 1 0
3 4 0 0.956094 0.0439058 1 0
3 6 0 0.170627 0.829373 0 1
3 8 0 0.956812 0.0431879 1 0
3 10 0 0.956466 0.0435335 1 0
3 11 0 0.966044 0.0339564 1 0
3 13 0 0.961191 0.0388093 1 0
3 15 0 0.961567 0.0384333 1 0
3 19 0 0.958303 0.0416966 1 0
3 20 0 0.273922 0.726078 0 1
3 21 1 0
3 23 0 0.964325 0.0356746 1 0
3 25 0 0.953392 0.0466081 1 0
3 26 0 0.262631 0.737369 0.999906 9.3888e-05
3 31 0 0.741821 0.258179 0 1
3 32 0 0.961221 0.038779 1 0
3 49 0 0.961206 0.0387935 1 0
3 50 0 0.749918 0.250082 0 1
3 53 0 0.964258 0.0357424 1 0
3 56 0 0.963415 0.0365853 1 0
3 57 1 0
3 64 0 0.905549 0.0944512 1 2.22045e-16
3 72 0 0.954311 0.0456895 0.998902 0.00109847
3 78 0 0.961918 0.0380823 1 0
3 79 0 0.964521 0.0354789 1 0
3 84 0 0.951439 0.0485607 1 0
3 89 0 0.955666 0.0443336 1 0
3 90 0 0.0663353 0.933665 0 1
3 91 0 0.781897 0.218103 1 4.92141e-09
4 2 0 0.952007 0.0479928 1 0
4 3 1 0
4 6 0 0.959419 0.0405806 1 0
4 10 0 0.899256 0.100744 0 1
4 11 0 0.965844 0.0341556 1 0
4 15 0 0.960859 0.039141 1 0
4 20 0 0.959061 0.0409387 1 0
4 21 0 0.959346 0.0406536 1 0
4 23 0 0.954382 0.0456177 1 0
4 25 0 0.96494 0.0350596 1 0
4 26 0 0.935298 0.0647025 1 0
4 31 1 0
4 32 0 0.961418 0.0385819 1 0
4 49 0 0.959942 0.0400579 1 0
4 50 0 0.961312 0.0386879 1 0
4 53 0 0.960741 0.0392591 1 0
4 56 0 0.96425 0.0357502 1 0
4 57 0 0.963149 0.0368512 1 0
4 64 0 0.949312 0.0506877 1 2.22045e-16
4 72 0 0.964121 0.0358788 1 0
4 78 0 0.965312 0.034688 1 0
4 84 1 0
4 89 0 0.161544 0.838456 0 1
4 90 0 0.964294 0.0357058 1 0
4 91 0 0.860532 0.139468 0.908618 0.0913824
6 2 0 1e-07 1 0 1
6 3 0 0.17094 0.82906 0 1
6 4 0 0.959419 0.0405806 1 0
6 8 0 0.89896 0.10104 0 1
6 10 0 0.955856 0.044144 1 0
6 11 0 0.959832 0.0401682 1 1.55054e-12
6 13 1 0
6 15 0 0.964008 0.0359918 1 0
6 19 0 0.965571 0.0344285 1 0
6 20 0 1e-07 1 0 1
6 21 0 0.0114654 0.988535 0 1
6 23 0 0.945517 0.0544825 1 0
6 25 0 0.965359 0.0346413 1 0
6 26 0 0.157957 0.842043 0 1
6 31 0 0.96539 0.0346102 1 0
6 32 0 0.963689 0.0363107 1 0
6 49 1 0
6 50 0 0.00899383 0.991006 0 1
6 53 0 0.964972 0.0350281 1 0
6 56 0 0.964202 0.0357984 1 0
6 57 0 0.960846 0.0391539 1 0
6 64 0 0.9633 0.0367003 1 0
6 72 0 0.965757 0.0342433 1 0
6 78 0 0.966026 0.0339744 1 0
6 79 0 0.962218 0.0377825 1 0
6 84 0 0.798945 0.201055 1 2.44249e-15
6 89 1 0
6 90 0 0.000279156 0.999721 0 1
6 91 0 0.927268 0.0727318 1 0
8 2 0 0.000554298 0.999446 0 1
8 3 0 0.956812 0.0431879 1 0
8 6 0 0.89896 0.10104 0 1
8 10 0 0.940876 0.0591243 1 0
8 11 0 0.96615 0.0338497 1 0
8 15 0 0.966181 0.0338193 1 0
8 19 0 0.711706 0.288294 1 5.32907e-15
8 20 1 0
8 21 0 0.953508 0.0464923 1 0
8 25 0 0.0702853 0.929715 0.0493444 0.950656
8 26 0 0.952862 0.0471385 1 0
8 31 0 0.786609 0.213391 1 2.22045e-16
8 32 0 0.965741 0.0342586 1 0
8 49 0 0.965788 0.0342125 1 0
8 50 0 0.96615 0.0338497 1 0
8 53 0 0.965405 0.0345946 1 0
8 56 0 0.966181 0.0338193 1 0
8 57 1 0
8 64 0 0.965772 0.0342279 1 0
8 72 0 0.933688 0.066312 1 0
8 78 0 0.952239 0.0477606 1 0
8 79 0 0.964333 0.0356671 1 0
8 84 0 0.965803 0.0341971 1 0
8 89 0 0.963102 0.0368976 1 0
8 90 0 0.81401 0.18599 1 0
8 91 0 0.965769 0.0342314 1 0
10 3 0 0.956466 0.0435335 1 0
10 4 1 0
10 6 0 0.955856 0.044144 1 0
10 11 0 0.966165 0.0338345 1 0
10 13 0 0.259232 0.740768 1 6.51884e-10
10 15 0 0.96312 0.0368796 1 0
10 19 0 0.954714 0.0452858 1 0
10 20 0 0.951186 0.0488141 1 0
10 21 0 0.937285 0.0627152 1 0
10 23 0 0.195615 0.804385 1 2.38347e-08
10 25 0 0.959147 0.0408535 1 0
10 26 1 0
10 31 0 0.957204 0.0427963 1 0
10 32 0 0.9447 0.0553 1 0
10 49 0 0.959942 0.0400577 1 0
10 50 0 0.951306 0.0486942 1 0
10 53 0 0.959394 0.0406064 1 0
10 56 0 0.96377 0.0362304 1 0
10 57 0 0.960362 0.039638 1 0
10 64 0 0.961253 0.0387471 1 0
10 72 0 0.966181 0.0338193 1 0
10 78 1 0
10 84 0 0.961307 0.0386925 1 0
10 89 0 0.955066 0.0449336 1 0
10 90 0 0.961706 0.0382937 1 0
10 91 0 0.961058 0.0389418 1 0
11 2 0 0.927756 0.0722441 0 1
11 3 0 0.966044 0.0339564 1 0
11 4 0 0.965844 0.0341556 1 0
11 6 0 0.959732 0.0402675 2.00486e-11 1
11 8 0 0.96615 0.0338497 1 0
11 10 1 0
11 13 0 0.966059 0.0339412 1 0
11 15 0 0.965659 0.0343406 1 0
11 19 0 0.964975 0.0350252 1 0
11 20 0 0.966105 0.0338954 1 0
11 21 0 0.96406 0.0359403 1 0
11 23 0 0.965598 0.0344025 1 0
11 25 0 0.966181 0.0338193 1 0
11 26 0 0.966135 0.0338649 1 0
11 31 0 0.966165 0.0338345 1 0
11 32 1 0
11 49 0 0.966059 0.0339412 1 0
11 50 0 0.966181 0.0338193 1 0
11 53 0 0.966181 0.0338193 1 0
11 56 0 0.966181 0.0338193 1 0
11 57 0 0.966135 0.0338649 1 0
11 64 0 0.966181 0.0338193 1 0
11 72 0 0.96615 0.0338497 1 0
11 78 0 0.966165 0.0338345 1 0
11 79 0 0.96569 0.0343097 1 0
11 84 1 0
11 89 0 0.965767 0.0342326 1 0
11 90 0 0.959657 0.0403428 1 0
11 91 0 0.966059 0.0339412 1 0
13 2 0 0.955934 0.0440664 1 0
13 3 0 0.961191 0.0388093 1 0
13 6 0 0.965808 0.0341917 1 0
13 10 0 0.259232 0.740768 1 6.51884e-10
13 11 0 0.966059 0.0339412 1 0
13 15 0 0.96539 0.0346102 1 0
13 19 1 0
13 20 0 0.961209 0.0387907 1 0
13 21 0 0.896284 0.103716 1 0
13 25 0 0.957371 0.0426293 1 0
13 26 0 0.966135 0.0338649 1 0
13 31 0 0.961357 0.0386431 1 0
13 32 0 0.961576 0.0384238 1 0
13 49 0 0.965035 0.0349652 1 0
13 50 0 0.964218 0.0357823 1 0
13 53 0 0.960005 0.0399948 1 0
13 56 1 0
13 57 0 0.962235 0.0377648 1 0
13 64 0 0.961719 0.0382813 1 0
13 72 0 0.963818 0.0361816 1 0
13 78 0 0.966059 0.0339412 1 0
13 79 0 0.962784 0.037216 1 0
13 84 0 0.96299 0.0370099 1 0
13 89 0 0.946788 0.0532122 1 0
13 90 0 0.962544 0.0374562 1 0
13 91 0 0.965967 0.0340329 1 0
15 2 1 0
15 3 0 0.961567 0.0384333 1 0
15 4 0 0.960859 0.039141 1 0
15 6 0 0.964008 0.0359918 1 0
15 8 0 0.966181 0.0338193 1 0
15 10 0 0.96312 0.0368796 1 0
15 11 0 0.965659 0.0343406 1 0
15 13 0 0.96539 0.0346102 1 0
15 19 0 0.965688 0.0343124 1 0
15 20 0 0.963818 0.0361816 1 0
15 21 1 0
15 23 0 0.965218 0.0347817 1 0
15 25 0 0.96615 0.0338497 1 0
15 26 0 0.965649 0.0343512 1 0
15 31 0 0.965772 0.0342279 1 0
15 32 0 0.965218 0.0347817 1 0
15 49 0 0.963157 0.0368433 1 0
15 50 0 0.963835 0.0361654 1 0
15 53 0 0.963415 0.0365853 1 0
15 56 0 0.965426 0.034574 1 0
15 57 1 0
15 64 0 0.960357 0.039643 1 0
15 72 0 0.966165 0.0338345 1 0
15 78 0 0.966181 0.0338193 1 0
15 79 0 0.962392 0.0376076 1 0
15 84 0 0.963448 0.0365525 1 0
15 89 0 0.965401 0.0345993 1 0
15 90 0 0.963962 0.036038 1 0
15 91 0 0.965757 0.0342433 1 0
19 2 0 0.965338 0.0346616 1 0
19 3 1 0
19 4 0 0.0135202 0.98648 0 1
19 6 0 0.965571 0.0344285 1 0
19 8 0 0.711706 0.288294 1 5.32907e-15
19 10 0 0.954714 0.0452858 1 0
19 11 0 0.964975 0.0350252 1 0
19 13 0 0.953284 0.0467159 1 0
19 15 0 0.965688 0.0343124 1 0
19 20 0 0.964889 0.0351111 1 0
19 21 0 0.964336 0.0356635 1 0
19 23 1 0
19 25 0 0.0515505 0.94845 1.53995e-06 0.999998
19 26 0 0.966135 0.0338649 1 0
19 32 0 0.965043 0.0349565 1 0
19 49 0 0.960712 0.0392882 1 0
19 50 0 0.965359 0.0346413 1 0
19 53 0 0.965803 0.0341971 1 0
19 56 0 0.965788 0.0342125 1 0
19 57 0 0.964112 0.035888 1 0
19 64 0 0.95842 0.0415801 1 0
19 72 1 0
19 78 0 0.897123 0.102877 1 3.01537e-13
19 79 0 0.961665 0.0383351 1 0
19 84 0 0.965803 0.0341971 1 0
19 89 0 0.951069 0.0489314 1 1.40554e-13
19 90 0 0.963818 0.0361816 1 0
19 91 0 0.964632 0.035368 1 0
20 4 0 0.959061 0.0409387 1 0
20 8 0 0.963536 0.0364638 1 0
20 10 0 0.951186 0.0488141 1 0
20 11 1 0
20 13 0 0.961209 0.0387907 1 0
20 15 0 0.963818 0.0361816 1 0
20 19 0 0.964889 0.0351111 1 0
20 21 0 0.0639221 0.936078 0 1
20 23 0 0.957737 0.042263 1 0
20 25 0 0.963198 0.0368023 1 0
20 26 0 0.870624 0.129376 1 1.55431e-15
20 31 0 0.965463 0.0345371 1 0
20 32 0 0.86006 0.13994 1 2.22045e-16
20 49 1 0
20 53 0 0.960864 0.0391356 1 0
20 56 0 0.964629 0.0353715 1 0
20 57 0 0.864591 0.135409 0.999748 0.000251996
20 64 0 0.964326 0.0356741 1 0
20 72 0 0.965019 0.0349809 1 0
20 78 0 0.966041 0.0339591 1 0
20 79 0 0.963531 0.0364694 1 0
20 84 0 0.757116 0.242884 1 0
20 89 0 0.933494 0.0665056 1 0
20 90 1 0
20 91 0 0.891843 0.108157 1 0
21 2 0 0.000330322 0.99967 0 1
21 3 0 0.415267 0.584733 0 1
21 4 0 0.959346 0.0406536 1 0
21 6 0 0.0114654 0.988535 0 1
21 8 0 0.953508 0.0464923 1 0
21 10 0 0.937285 0.0627152 1 0
21 11 0 0.96406 0.0359403 1 0
21 13 0 0.896284 0.103716 1 0
21 15 1 0
21 19 0 0.964336 0.0356635 1 0
21 20 0 0.0639221 0.936078 0 1
21 23 0 0.955869 0.0441308 1 0
21 25 0 0.963786 0.0362141 1 0
21 26 0 0.135609 0.864391 1.05051e-08 1
21 31 0 0.96402 0.0359802 1 0
21 32 0 0.961629 0.038371 1 0
21 49 0 0.960019 0.0399806 1 0
21 50 0 0.0867914 0.913209 0.993638 0.00636226
21 56 1 0
21 57 0 0.956967 0.0430331 1 0
21 64 0 0.96375 0.0362504 1 0
21 72 0 0.964177 0.0358227 1 0
21 78 0 0.96568 0.0343203 1 0
21 79 0 0.963448 0.036552 1 0
21 89 0 0.943652 0.056348 1 0
21 90 0 0.000178109 0.999822 0 1
21 91 0 0.70135 0.29865 1 3.43436e-12
23 2 0 0.927142 0.0728575 1 2.22045e-16
23 3 1 0
23 4 0 0.954382 0.0456177 1 0
23 6 0 0.945517 0.0544825 1 0
23 8 0 0.771747 0.228253 0 1
23 10 0 0.195615 0.804385 1 2.38347e-08
23 11 0 0.965598 0.0344025 1 0
23 15 0 0.965218 0.0347817 1 0
23 19 0 0.960571 0.0394289 1 0
23 20 0 0.957737 0.042263 1 0
23 21 0 0.955869 0.0441308 1 0
23 25 1 0
23 26 0 0.965664 0.0343357 1 0
23 31 0 0.962957 0.0370431 1 0
23 32 0 0.958303 0.0416972 1 0
23 49 0 0.965218 0.0347817 1 0
23 50 0 0.956091 0.0439086 1 0
23 53 0 0.96167 0.0383302 1 0
23 56 0 0.96567 0.0343304 1 0
23 57 0 0.96341 0.0365899 1 0
23 64 0 0.96478 0.0352204 1 0
23 72 1 0
23 78 0 0.96615 0.0338497 1 0
23 79 0 0.964191 0.0358086 1 0
23 84 0 0.964925 0.0350753 1 0
23 89 0 0.950724 0.0492756 1 0
23 90 0 0.961692 0.0383081 1 0
23 91 0 0.965171 0.0348286 1 0
25 2 0 0.96298 0.0370199 1 0
25 3 0 0.953392 0.0466081 1 0
25 4 0 0.96494 0.0350596 1 0
25 6 1 0
25 8 0 0.0702853 0.929715 0.0493444 0.950656
25 10 0 0.959147 0.0408535 1 0
25 11 0 0.966181 0.0338193 1 0
25 13 0 0.957371 0.0426293 1 0
25 15 0 0.96615 0.0338497 1 0
25 19 0 0.0515505 0.94845 1.53995e-06 0.999998
25 20 0 0.963198 0.0368023 1 0
25 21 0 0.963786 0.0362141 1 0
25 23 0 0.964533 0.0354669 1 0
25 26 1 0
25 31 0 0.109452 0.890548 8.16497e-06 0.999992
25 32 0 0.963855 0.036145 1 0
25 49 0 0.966165 0.0338345 1 0
25 50 0 0.964972 0.0350281 1 0
25 53 0 0.966181 0.0338193 1 0
25 56 0 0.966181 0.0338193 1 0
25 57 0 0.965035 0.0349652 1 0
25 64 0 0.964581 0.0354191 1 0
25 72 0 0.451968 0.548032 1 2.2875e-12
25 78 1 0
25 79 0 0.966165 0.0338345 1 0
25 84 0 0.966165 0.0338345 1 0
25 89 0 0.965788 0.0342125 1 0
25 90 0 0.963452 0.0365482 1 0
25 91 0 0.965788 0.0342125 1 0
26 2 0 0.259414 0.740586 0 1
26 3 0 0.262631 0.737369 0.999906 9.3888e-05
26 4 0 0.935298 0.0647025 1 0
26 6 0 0.158563 0.841437 2.10942e-15 1
26 8 1 0
26 10 0 0.948182 0.0518176 1 0
26 11 0 0.966135 0.0338649 1 0
26 13 0 0.966135 0.0338649 1 0
26 15 0 0.965649 0.0343512 1 0
26 19 0 0.966135 0.0338649 1 0
26 20 0 0.870624 0.129376 1 1.55431e-15
26 21 0 0.135609 0.864391 1.05051e-08 1
26 23 0 0.965664 0.0343357 1 0
26 25 0 0.966181 0.0338193 1 0
26 31 1 0
26 32 0 0.965664 0.0343357 1 0
26 49 0 0.965824 0.0341763 1 0
26 50 0 0.931632 0.0683677 1 0
26 53 0 0.966181 0.0338193 1 0
26 57 0 0.964644 0.0353556 1 0
26 64 0 0.966181 0.0338193 1 0
26 72 0 0.962242 0.0377583 1 0
26 78 0 0.966181 0.0338193 1 0
26 79 0 0.962042 0.0379583 1 0
26 84 1 0
26 89 0 0.958075 0.0419245 1 0
26 90 0 0.1084 0.8916 0.996963 0.00303684
26 91 0 0.958916 0.0410837 1 0
31 2 0 0.964851 0.0351488 1 0
31 3 0 0.74158 0.25842 0 1
31 4 0 0.945845 0.0541553 1 0
31 6 0 0.96539 0.0346102 1 0
31 8 0 0.786609 0.213391 1 2.22045e-16
31 10 0 0.957204 0.0427963 1 0
31 11 1 0
31 13 0 0.961357 0.0386431 1 0
31 15 0 0.965772 0.0342279 1 0
31 20 0 0.965463 0.0345371 1 0
31 21 0 0.96402 0.0359802 1 0
31 23 0 0.962957 0.0370431 1 0
31 25 0 0.109452 0.890548 8.16497e-06 0.999992
31 26 0 0.966165 0.0338345 1 0
31 32 0 0.857596 0.142404 0.99982 0.000179723
31 49 0 0.96612 0.0338802 1 0
31 50 1 0
31 53 0 0.966181 0.0338193 1 0
31 56 0 0.966181 0.0338193 1 0
31 57 0 0.965921 0.0340789 1 0
31 64 0 0.938207 0.0617934 1 2.91535e-09
31 72 0 0.885901 0.114099 1 1.9984e-15
31 78 0 0.951674 0.0483256 1 5.44254e-12
31 79 0 0.963436 0.0365641 1 0
31 84 0 0.966089 0.0339107 1 0
31 89 0 0.945542 0.0544579 1 0
31 90 1 0
31 91 0 0.965172 0.0348278 1 0
32 2 0 0.961038 0.0389616 1 0
32 3 0 0.961221 0.038779 1 0
32 4 0 0.961418 0.0385819 1 0
32 6 0 0.963689 0.0363107 1 0
32 8 0 0.965741 0.0342586 1 0
32 10 0 0.9447 0.0553 1 0
32 11 0 0.96601 0.0339897 1 0
32 13 0 0.961576 0.0384238 1 0
32 15 1 0
32 19 0 0.965043 0.0349565 1 0
32 20 0 0.86006 0.13994 1 2.22045e-16
32 21 0 0.961629 0.038371 1 0
32 23 0 0.958303 0.0416972 1 0
32 25 0 0.963855 0.036145 1 0
32 26 0 0.965664 0.0343357 1 0
32 31 0 0.857596 0.142404 0.99982 0.000179723
32 49 0 0.963729 0.0362707 1 0
32 50 0 0.964956 0.0350438 1 0
32 53 1 0
32 56 0 0.965421 0.0345791 1 0
32 64 0 0.961346 0.0386545 1 0
32 72 0 0.966181 0.0338193 1 0
32 78 0 0.965923 0.0340767 1 0
32 79 0 0.957629 0.0423711 1 0
32 84 0 0.965035 0.0349652 1 0
32 89 0 0.957407 0.0425927 1 0
32 90 0 0.959702 0.0402979 1 0
32 91 0 0.955428 0.0445723 1 0
49 2 1 0
49 3 0 0.961206 0.0387935 1 0
49 4 0 0.959942 0.0400579 1 0
49 6 0 0.964453 0.0355466 1 0
49 8 0 0.965788 0.0342125 1 0
49 10 0 0.959942 0.0400577 1 0
49 11 0 0.966059 0.0339412 1 0
49 13 0 0.965035 0.0349652 1 0
49 15 0 0.963157 0.0368433 1 0
49 19 0 0.960712 0.0392882 1 0
49 20 1 0
49 21 0 0.960019 0.0399806 1 0
49 23 0 0.965218 0.0347817 1 0
49 25 0 0.966165 0.0338345 1 0
49 26 0 0.965824 0.0341763 1 0
49 31 0 0.96612 0.0338802 1 0
49 32 0 0.963729 0.0362707 1 0
49 50 0 0.963328 0.0366716 1 0
49 53 0 0.965231 0.034769 1 0
49 56 0 0.913887 0.0861133 1 0
49 57 1 0
49 64 0 0.000789881 0.99921 0 1
49 72 0 0.966165 0.0338345 1 0
49 78 0 0.966165 0.0338345 1 0
49 79 0 0.0758021 0.924198 0 1
49 84 0 0.966181 0.0338193 1 0
49 89 0 0.961542 0.0384581 1 0
49 90 0 0.964079 0.0359213 1 0
49 91 0 0.00168475 0.998315 0 1
50 2 0 0.0234835 0.976517 3.2537e-08 1
50 3 1 0
50 4 0 0.961312 0.0386879 1 0
50 6 0 0.00900472 0.990995 0 1
50 8 0 0.96615 0.0338497 1 0
50 10 0 0.951306 0.0486942 1 0
50 11 0 0.966181 0.0338193 1 0
50 13 0 0.964218 0.0357823 1 0
50 15 0 0.963835 0.0361654 1 0
50 19 0 0.965359 0.0346413 1 0
50 20 0 0.0454439 0.954556 0 1
50 21 1 0
50 23 0 0.956091 0.0439086 1 0
50 25 0 0.964972 0.0350281 1 0
50 26 0 0.931632 0.0683677 1 0
50 31 0 0.965343 0.0346568 1 0
50 32 0 0.964956 0.0350438 1 0
50 49 0 0.963328 0.0366716 1 0
50 53 0 0.964644 0.0353556 1 0
50 56 0 0.96425 0.0357502 1 0
50 57 0 0.965343 0.0346568 1 0
50 64 1 0
50 72 0 0.965343 0.0346568 1 0
50 78 0 0.96612 0.0338802 1 0
50 79 0 0.963448 0.0365525 1 0
50 84 0 0.351402 0.648598 1 1.11224e-11
50 89 0 0.953247 0.046753 1 0
50 90 0 0.815645 0.184355 1 0
50 91 0 0.95217 0.0478301 1 0
53 2 0 0.96117 0.0388297 1 0
53 3 0 0.964258 0.0357424 1 0
53 4 1 0
53 6 0 0.964972 0.0350281 1 0
53 8 0 0.965405 0.0345946 1 0
53 10 0 0.959394 0.0406064 1 0
53 11 0 0.966181 0.0338193 1 0
53 13 0 0.960005 0.0399948 1 0
53 15 0 0.963415 0.0365853 1 0
53 19 0 0.965803 0.0341971 1 0
53 20 0 0.960864 0.0391356 1 0
53 23 0 0.96167 0.0383302 1 0
53 25 1 0
53 26 0 0.966181 0.0338193 1 0
53 31 0 0.966181 0.0338193 1 0
53 32 0 0.951437 0.0485634 1 0
53 49 0 0.965231 0.034769 1 0
53 50 0 0.964644 0.0353556 1 0
53 56 0 0.965421 0.0345791 1 0
53 57 0 0.956312 0.0436876 1 0
53 64 0 0.9656 0.0344004 1 0
53 72 0 0.966181 0.0338193 1 0
53 78 1 0
53 79 0 0.966165 0.0338345 1 0
53 89 0 0.965772 0.0342279 1 0
53 90 0 0.96294 0.0370597 1 0
53 91 0 0.965035 0.0349652 1 0
56 2 0 0.964175 0.0358247 1 0
56 3 0 0.963415 0.0365853 1 0
56 4 0 0.96425 0.0357502 1 0
56 6 0 0.964202 0.0357984 1 0
56 8 0 0.966181 0.0338193 1 0
56 10 1 0
56 11 0 0.966181 0.0338193 1 0
56 13 0 0.966181 0.0338193 1 0
56 15 0 0.965426 0.034574 1 0
56 19 0 0.965788 0.0342125 1 0
56 20 0 0.964629 0.0353715 1 0
56 21 0 0.962561 0.0374394 1 0
56 23 0 0.96567 0.0343304 1 0
56 31 0 0.966181 0.0338193 1 0
56 32 0 0.965421 0.0345791 1 0
56 49 1 0
56 50 0 0.96425 0.0357502 1 0
56 53 0 0.965421 0.0345791 1 0
56 57 0 0.965035 0.0349652 1 0
56 64 0 0.961208 0.0387919 1 0
56 72 0 0.966181 0.0338193 1 0
56 78 0 0.965803 0.0341971 1 0
56 79 0 0.906709 0.0932911 1 0
56 84 0 0.963448 0.0365525 1 0
56 89 0 0.965405 0.0345946 1 0
56 90 1 0
56 91 0 0.961312 0.0386879 1 0
57 2 0 0.963941 0.0360593 1 0
57 3 0 0.961715 0.0382851 1 0
57 4 0 0.963149 0.0368512 1 0
57 6 0 0.960846 0.0391539 1 0
57 8 0 0.966135 0.0338649 1 0
57 10 0 0.960362 0.039638 1 0
57 11 0 0.966135 0.0338649 1 0
57 13 0 0.962235 0.0377648 1 0
57 19 1 0
57 20 0 0.864591 0.135409 0.999748 0.000251996
57 21 0 0.956967 0.0430331 1 0
57 23 0 0.96341 0.0365899 1 0
57 25 0 0.965035 0.0349652 1 0
57 26 0 0.964644 0.0353556 1 0
57 31 0 0.965921 0.0340789 1 0
57 49 0 0.963597 0.0364034 1 0
57 50 0 0.965343 0.0346568 1 0
57 53 0 0.956312 0.0436876 1 0
57 56 1 0
57 64 0 0.96202 0.0379799 1 0
57 72 0 0.966105 0.0338954 1 0
57 78 0 0.966181 0.0338193 1 0
57 79 0 0.96189 0.0381096 1 0
57 84 0 0.964254 0.0357462 1 0
57 89 0 0.96328 0.0367197 1 0
57 90 0 0.95943 0.0405698 1 0
57 91 0 0.961909 0.0380915 1 0
64 2 0 0.962621 0.037379 1 0
64 3 1 0
64 4 0 0.949312 0.0506877 1 2.22045e-16
64 6 0 0.9633 0.0367003 1 0
64 8 0 0.965772 0.0342279 1 0
64 10 0 0.961253 0.0387471 1 0
64 11 0 0.966181 0.0338193 1 0
64 13 0 0.961719 0.0382813 1 0
64 15 0 0.960357 0.039643 1 0
64 19 0 0.95842 0.0415801 1 0
64 20 0 0.964326 0.0356741 1 0
64 21 1 0
64 23 0 0.96478 0.0352204 1 0
64 25 0 0.964581 0.0354191 1 0
64 26 0 0.966181 0.0338193 1 0
64 31 0 0.938207 0.0617934 1 2.91535e-09
64 32 0 0.961346 0.0386545 1 0
64 50 0 0.965359 0.0346413 1 0
64 53 0 0.9656 0.0344004 1 0
64 56 0 0.961208 0.0387919 1 0
64 57 0 0.96202 0.0379799 1 0
64 72 1 0
64 78 0 0.965998 0.0340019 1 0
64 79 0 0.898847 0.101153 1 9.48797e-13
64 84 0 0.966181 0.0338193 1 0
64 89 0 0.9595 0.0405003 1 0
64 90 0 0.961573 0.0384272 1 0
64 91 0 0.224904 0.775096 0 1
72 2 0 0.96347 0.0365299 1 0
72 3 0 0.954291 0.0457093 0.0170603 0.98294
72 4 0 0.964121 0.0358788 1 0
72 6 1 0
72 8 0 0.933688 0.066312 1 0
72 10 0 0.966181 0.0338193 1 0
72 11 0 0.96615 0.0338497 1 0
72 13 0 0.963818 0.0361816 1 0
72 15 0 0.966165 0.0338345 1 0
72 19 0 0.91799 0.0820101 1 0
72 20 0 0.965019 0.0349809 1 0
72 21 0 0.964177 0.0358227 1 0
72 23 0 0.959165 0.0408352 1 0
72 25 1 0
72 26 0 0.962242 0.0377583 1 0
72 31 0 0.885901 0.114099 1 1.9984e-15
72 32 0 0.966181 0.0338193 1 0
72 49 0 0.966165 0.0338345 1 0
72 50 0 0.965343 0.0346568 1 0
72 53 0 0.966181 0.0338193 1 0
72 56 0 0.966181 0.0338193 1 0
72 57 0 0.966105 0.0338954 1 0
72 64 0 0.965788 0.0342125 1 0
72 78 1 0
72 79 0 0.966181 0.0338193 1 0
72 84 0 0.966165 0.0338345 1 0
72 89 0 0.96615 0.0338497 1 0
72 90 0 0.965374 0.0346257 1 0
72 91 0 0.738732 0.261268 0 1
78 2 0 0.965811 0.034189 1 0
78 3 0 0.961918 0.0380823 1 0
78 4 0 0.965312 0.034688 1 0
78 6 0 0.966026 0.0339744 1 0
78 8 1 0
78 10 0 0.964644 0.0353556 1 0
78 11 0 0.966165 0.0338345 1 0
78 13 0 0.966059 0.0339412 1 0
78 15 0 0.966181 0.0338193 1 0
78 19 0 0.897123 0.102877 1 3.01537e-13
78 20 0 0.966041 0.0339591 1 0
78 21 0 0.96568 0.0343203 1 0
78 23 0 0.96615 0.0338497 1 0
78 25 0 0.122434 0.877566 6.15485e-08 1
78 26 1 0
78 31 0 0.951674 0.0483256 1 5.44254e-12
78 32 0 0.965923 0.0340767 1 0
78 49 0 0.966165 0.0338345 1 0
78 50 0 0.96612 0.0338802 1 0
78 53 0 0.966181 0.0338193 1 0
78 56 0 0.965803 0.0341971 1 0
78 57 0 0.966181 0.0338193 1 0
78 64 0 0.965998 0.0340019 1 0
78 72 0 0.867185 0.132815 1 2.22045e-16
78 79 1 0
78 84 0 0.965998 0.0340023 1 0
78 89 0 0.957822 0.0421775 0 1
78 90 0 0.96539 0.0346102 1 0
78 91 0 0.966181 0.0338193 1 0
79 2 0 0.963795 0.0362051 1 0
79 3 0 0.964521 0.0354789 1 0
79 6 0 0.962218 0.0377825 1 0
79 8 0 0.964333 0.0356671 1 0
79 10 0 0.954146 0.0458538 1 0
79 11 1 0
79 13 0 0.962784 0.037216 1 0
79 15 0 0.962392 0.0376076 1 0
79 19 0 0.961665 0.0383351 1 0
79 20 0 0.963531 0.0364694 1 0
79 21 0 0.963448 0.036552 1 0
79 23 0 0.964191 0.0358086 1 0
79 25 0 0.966165 0.0338345 1 0
79 26 0 0.962042 0.0379583 1 0
79 31 0 0.963436 0.0365641 1 0
79 32 1 0
79 49 0 0.0758021 0.924198 0 1
79 50 0 0.963448 0.0365525 1 0
79 53 0 0.966165 0.0338345 1 0
79 56 0 0.906709 0.0932911 1 0
79 57 0 0.96189 0.0381096 1 0
79 64 0 0.898847 0.101153 1 9.48797e-13
79 72 0 0.966181 0.0338193 1 0
79 78 0 0.965711 0.0342895 1 0
79 84 0 0.966181 0.0338193 1 0
79 89 1 0
79 90 0 0.964809 0.0351914 1 0
79 91 0 0.962094 0.0379056 1 0
84 2 0 0.716689 0.283311 1 7.50511e-14
84 4 0 0.96304 0.0369602 1 0
84 6 0 0.798945 0.201055 1 2.44249e-15
84 8 0 0.965803 0.0341971 1 0
84 10 0 0.961307 0.0386925 1 0
84 11 0 0.966181 0.0338193 1 0
84 13 0 0.96299 0.0370099 1 0
84 15 1 0
84 19 0 0.965803 0.0341971 1 0
84 20 0 0.757116 0.242884 1 0
84 23 0 0.964925 0.0350753 1 0
84 25 0 0.966165 0.0338345 1 0
84 26 0 0.956844 0.0431562 1 0
84 31 0 0.966089 0.0339107 1 0
84 32 0 0.965035 0.0349652 1 0
84 49 0 0.966181 0.0338193 1 0
84 50 0 0.351402 0.648598 1 1.11224e-11
84 56 1 0
84 57 0 0.964254 0.0357462 1 0
84 64 0 0.966181 0.0338193 1 0
84 72 0 0.966165 0.0338345 1 0
84 78 0 0.965998 0.0340023 1 0
84 79 0 0.966181 0.0338193 1 0
84 89 0 0.961347 0.0386532 1 0
84 90 0 0.900474 0.0995264 1 0
84 91 0 0.958158 0.0418419 1 0
89 2 0 0.950692 0.0493081 1 0
89 3 1 0
89 4 0 0.161544 0.838456 0 1
89 6 0 0.960514 0.0394857 1 0
89 8 0 0.963102 0.0368976 1 0
89 10 0 0.955066 0.0449336 1 0
89 11 0 0.965767 0.0342326 1 0
89 13 0 0.946788 0.0532122 1 0
89 15 0 0.965401 0.0345993 1 0
89 19 0 0.951069 0.0489314 1 1.40554e-13
89 20 0 0.933494 0.0665056 1 0
89 21 1 0
89 23 0 0.950724 0.0492756 1 0
89 25 0 0.965788 0.0342125 1 0
89 26 0 0.958075 0.0419245 1 0
89 31 0 0.945542 0.0544579 1 0
89 32 0 0.957407 0.0425927 1 0
89 49 0 0.961542 0.0384581 1 0
89 50 0 0.953247 0.046753 1 0
89 53 0 0.965772 0.0342279 1 0
89 56 0 0.965405 0.0345946 1 0
89 57 1 0
89 64 0 0.9595 0.0405003 1 0
89 72 0 0.96615 0.0338497 1 0
89 84 0 0.961347 0.0386532 1 0
89 90 0 0.901221 0.0987792 1 0
89 91 0 0.451613 0.548387 0 1
90 2 0 1e-07 1 0 1
90 3 0 0.0663353 0.933665 0 1
90 4 0 0.964294 0.0357058 1 0
90 6 0 0.000279156 0.999721 0 1
90 8 1 0
90 10 0 0.961706 0.0382937 1 0
90 11 0 0.959657 0.0403428 1 0
90 13 0 0.962544 0.0374562 1 0
90 15 0 0.963962 0.036038 1 0
90 19 0 0.963818 0.0361816 1 0
90 20 0 7.66374e-05 0.999923 0 1
90 21 0 0.000178109 0.999822 0 1
90 23 0 0.961692 0.0383081 1 0
90 25 0 0.963452 0.0365482 1 0
90 26 1 0
90 31 0 0.962791 0.0372092 1 0
90 32 0 0.959702 0.0402979 1 0
90 49 0 0.964079 0.0359213 1 0
90 50 0 0.815645 0.184355 1 0
90 53 0 0.96294 0.0370597 1 0
90 56 0 0.963835 0.0361654 1 0
90 57 0 0.95943 0.0405698 1 0
90 64 0 0.961573 0.0384272 1 0
90 72 0 0.965374 0.0346257 1 0
90 78 1 0
90 79 0 0.964809 0.0351914 1 0
90 84 0 0.900474 0.0995264 1 0
90 89 0 0.901221 0.0987792 1 0
91 2 0 0.860701 0.139299 1 3.33067e-15
91 3 0 0.781897 0.218103 1 4.92141e-09
91 4 0 0.860532 0.139468 0.908618 0.0913824
91 6 0 0.927268 0.0727318 1 0
91 8 0 0.965769 0.0342314 1 0
91 10 0 0.961058 0.0389418 1 0
91 11 1 0
91 13 0 0.965967 0.0340329 1 0
91 15 0 0.965757 0.0342433 1 0
91 19 0 0.964632 0.035368 1 0
91 20 0 0.891843 0.108157 1 0
91 21 0 0.70135 0.29865 1 3.43436e-12
91 23 0 0.965171 0.0348286 1 0
91 25 0 0.965788 0.0342125 1 0
91 26 0 0.958916 0.0410837 1 0
91 31 0 0.965172 0.0348278 1 0
91 32 1 0
91 49 0 0.00168475 0.998315 0 1
91 50 0 0.95217 0.0478301 1 0
91 53 0 0.965035 0.0349652 1 0
91 56 0 0.961312 0.0386879 1 0
91 57 0 0.961909 0.0380915 1 0
91 64 0 0.224904 0.775096 0 1
91 72 0 0.738732 0.261268 0 1
91 78 0 0.966181 0.0338193 1 0
91 79 0 0.962094 0.0379056 1 0
91 84 1 0
91 89 0 0.451613 0.548387 0 1
91 90 0 0.205341 0.794659 0.996927 0.00307254
