2 6 0 3.36193e-07 1 0 1
2 10 0 0.00577437 0.994226 0 1
2 11 0 0.93103 0.0689698 2.28914e-06 0.999998
2 20 0 1.21406e-06 0.999999 0 1
4 8 0 0.0241035 0.975896 0 1
4 13 0 0.00096172 0.999038 0 1
4 19 0 0.069907 0.930093 0 1
4 79 0 0.262925 0.737075 0 1
8 4 1 1
8 13 0 7.15609e-05 0.999928 0 1
8 23 0 0.812992 0.187008 0 1
10 2 0 0.00537169 0.994628 0 1
10 8 0 0.938196 0.0618041 1 3.27072e-13
10 79 0 0.949477 0.0505227 1 2.56462e-13
13 4 0 0.0010695 0.99893 0 1
13 8 0 7.97047e-05 0.99992 0 1
13 23 0 0.0199674 0.980033 0 1
19 31 0 0.15892 0.84108 0 1
20 2 1 1
20 3 0 0.419752 0.580248 0 1
20 6 0 1.13795e-07 1 0 1
20 50 0 0.121642 0.878358 0 1
21 53 0 0.887779 0.112221 0 1
21 84 0 0.730991 0.269009 0.998725 0.00127547
23 13 0 0.0204787 0.979521 0 1
26 56 0 0.916084 0.0839165 0 1
31 19 0 0.15681 0.84319 0 1
32 57 0 0.00013489 0.999865 0 1
53 21 1 1
53 84 0 0.644652 0.355348 0 1
56 25 0 0.960269 0.0397315 1 2.04725e-13
56 26 0 0.919344 0.0806561 0 1
57 15 0 0.959536 0.0404637 1 2.0739e-13
57 32 0 0.000135001 0.999865 0 1
64 49 0 0.0114258 0.988574 0 1
79 4 0 0.260146 0.739854 0 1
84 3 0 0.946779 0.053221 1 5.87086e-13
84 21 0 0.730991 0.269009 0.998725 0.00127547
84 53 1 1
89 78 0 0.951969 0.0480315 0.859702 0.140298
89 79 0 0.951108 0.0488916 1 4.1716e-09
90 91 0 0.372094 0.627906 0.997385 0.00261523
2 3 0 0.439416 0.560584 0 1
2 4 0 0.948607 0.0513933 1 2.00084e-12
2 8 0 0.00899429 0.991006 0 1
2 13 0 0.951359 0.0486413 1 3.40394e-13
2 15 0 0.959228 0.0407723 1 2.10498e-13
2 19 0 0.959518 0.0404821 1 2.10276e-13
2 21 1 0
2 23 0 0.928138 0.0718624 1 2.31726e-12
2 25 0 0.957376 0.042624 1 2.23821e-13
2 26 0 0.443595 0.556405 0 1
2 31 0 0.9591 0.0408995 1 2.19602e-13
2 32 0 0.955862 0.044138 1 2.34257e-13
2 49 0 0.959746 0.0402542 1 2.10054e-13
2 50 0 0.0805964 0.919404 0.987565 0.0124346
2 53 0 0.955699 0.0443011 1 2.22933e-13
2 56 0 0.95847 0.0415305 1 2.13163e-13
2 57 1 0
2 64 0 0.95718 0.0428204 1 2.22489e-13
2 72 0 0.957817 0.0421834 1 2.15383e-13
2 78 0 0.959962 0.0400383 1 2.07168e-13
2 79 0 0.95836 0.0416398 1 2.4003e-13
2 84 0 0.785131 0.214869 1 1.65422e-10
2 89 0 0.946619 0.0533813 1 3.03757e-13
2 90 0 1.13294e-05 0.999989 0 1
2 91 0 0.880124 0.119876 1 1.1608e-11
3 2 0 0.439416 0.560584 0 1
3 4 1 0
3 6 0 0.350096 0.649904 2.55049e-10 1
3 8 0 0.952266 0.0477338 1 4.43201e-13
3 10 0 0.95164 0.0483599 1 2.49578e-13
3 11 0 0.96015 0.0398498 1 2.05613e-13
3 13 0 0.955703 0.0442972 1 2.22933e-13
3 15 0 0.956047 0.0439534 1 2.21823e-13
3 19 0 0.953132 0.0468677 1 2.33147e-13
3 20 0 0.417105 0.582895 0 1
3 21 0 0.588535 0.411465 0.000779331 0.999221
3 23 1 0
3 25 0 0.949144 0.0508562 1 3.45279e-13
3 26 0 0.436863 0.563137 0.999994 6.05169e-06
3 31 0 0.815879 0.184121 7.01929e-10 1
3 32 0 0.955939 0.0440613 1 2.35145e-13
3 49 0 0.955798 0.0442023 1 2.22489e-13
3 50 0 0.778925 0.221075 0 1
3 53 0 0.958547 0.0414526 1 2.11164e-13
3 56 0 0.957718 0.0422824 1 2.14273e-13
3 57 0 0.956277 0.0437228 1 2.20046e-13
3 64 1 0
3 72 0 0.949817 0.0501835 1 6.08939e-10
3 78 0 0.956404 0.0435962 1 2.21601e-13
3 79 0 0.958769 0.0412308 1 2.09166e-13
3 84 0 0.946891 0.053109 1 3.85691e-13
3 89 0 0.9514 0.0486 1 4.2788e-13
3 90 0 0.191317 0.808683 0 1
3 91 0 0.828783 0.171217 1 3.9561e-07
4 2 0 0.948607 0.0513933 1 2.00084e-12
4 3 0 0.951337 0.0486625 1 2.46247e-13
4 6 1 0
4 10 0 0.90108 0.0989203 0 1
4 11 0 0.959979 0.0400215 1 2.0739e-13
4 15 0 0.955425 0.0445752 1 2.26485e-13
4 20 0 0.954237 0.0457629 1 3.62155e-13
4 21 0 0.954245 0.045755 1 3.95683e-13
4 23 0 0.949727 0.0502726 1 2.55129e-13
4 25 0 0.959125 0.0408751 1 2.09166e-13
4 26 0 0.933578 0.0664223 1 3.58158e-13
4 31 0 0.942815 0.0571847 1 6.20171e-13
4 32 1 0
4 49 0 0.954703 0.0452969 1 2.26263e-13
4 50 0 0.955805 0.0441952 1 2.22267e-13
4 53 0 0.955298 0.0447024 1 2.24931e-13
4 56 0 0.958482 0.0415181 1 2.11386e-13
4 57 0 0.957628 0.0423716 1 4.98712e-13
4 64 0 0.946258 0.0537419 1 5.93081e-12
4 72 0 0.958372 0.0416279 1 2.12053e-13
4 78 0 0.959469 0.0405305 1 2.07834e-13
4 84 0 0.957373 0.0426275 1 2.15605e-13
4 89 1 0
4 90 0 0.958559 0.0414415 1 2.0961e-13
4 91 0 0.886519 0.113481 0.999932 6.777e-05
6 2 0 3.22414e-07 1 0 1
6 3 0 0.350807 0.649193 6.08399e-10 1
6 4 0 0.954585 0.0454147 1 3.90354e-13
6 8 0 0.911215 0.0887851 0.999975 2.45918e-05
6 10 0 0.951663 0.0483369 1 2.58216e-12
6 11 0 0.953911 0.0460886 1 1.18989e-10
6 13 0 0.959971 0.0400286 1 2.0739e-13
6 15 1 0
6 19 0 0.959718 0.0402819 1 2.07612e-13
6 20 0 1.00336e-07 1 0 1
6 21 0 0.055956 0.944044 0 1
6 23 0 0.942099 0.0579015 1 3.04867e-13
6 25 0 0.95951 0.0404904 1 2.07612e-13
6 26 0 0.309971 0.690029 1.97425e-05 0.99998
6 31 0 0.959536 0.0404637 1 2.0739e-13
6 32 0 0.95812 0.0418797 1 2.32481e-13
6 49 0 0.958682 0.041318 1 2.11164e-13
6 50 1 0
6 53 0 0.959152 0.0408482 1 2.08944e-13
6 56 0 0.958441 0.0415592 1 2.11609e-13
6 57 0 0.955386 0.0446142 1 2.24043e-13
6 64 0 0.95762 0.0423801 1 2.15161e-13
6 72 0 0.959878 0.0401224 1 2.06279e-13
6 78 0 0.960147 0.0398534 1 2.05391e-13
6 79 0 0.956676 0.0433242 1 2.20046e-13
6 84 0 0.838682 0.161318 1 8.06921e-11
6 89 0 0.955285 0.0447151 1 2.70006e-13
6 90 1 0
6 91 0 0.927348 0.0726516 1 4.79172e-13
8 2 0 0.00899429 0.991006 0 1
8 3 0 0.952266 0.0477338 1 4.43201e-13
8 6 0 0.911215 0.0887851 0.999975 2.45918e-05
8 10 0 0.938196 0.0618041 1 3.27072e-13
8 11 0 0.960242 0.0397578 1 2.04947e-13
8 15 0 0.960269 0.0397315 1 2.04725e-13
8 19 0 0.777921 0.222079 1 4.7423e-11
8 20 0 0.957874 0.0421257 1 2.1938e-13
8 21 1 0
8 25 0 0.181313 0.818687 0.999973 2.73459e-05
8 26 0 0.94831 0.0516901 1 2.58682e-13
8 31 0 0.827056 0.172944 1 5.5882e-12
8 32 0 0.959864 0.0401357 1 2.06279e-13
8 49 0 0.959904 0.0400959 1 2.06057e-13
8 50 0 0.960242 0.0397578 1 2.04947e-13
8 53 0 0.95955 0.0404503 1 2.0739e-13
8 56 0 0.960269 0.0397315 1 2.04725e-13
8 57 0 0.960229 0.0397709 1 2.04947e-13
8 64 1 0
8 72 0 0.932655 0.0673453 1 7.40741e-13
8 78 0 0.948169 0.0518313 1 7.42739e-13
8 79 0 0.958589 0.0414109 1 2.13385e-13
8 84 0 0.959917 0.0400827 1 2.06057e-13
8 89 0 0.957465 0.0425347 1 2.13829e-13
8 90 0 0.845868 0.154132 1 5.71276e-12
8 91 0 0.959931 0.0400688 1 2.05169e-13
10 3 0 0.95164 0.0483599 1 2.49578e-13
10 4 0 0.902642 0.0973577 0.00158036 0.99842
10 6 1 0
10 11 0 0.960255 0.0397446 1 2.04725e-13
10 13 0 0.424151 0.575849 1 5.55668e-09
10 15 0 0.957513 0.0424868 1 2.16493e-13
10 19 0 0.949939 0.0500614 1 2.50244e-13
10 20 0 0.947772 0.0522278 1 1.27853e-12
10 21 0 0.935841 0.0641587 1 9.64784e-13
10 23 0 0.357876 0.642124 1 2.47465e-08
10 25 0 0.953853 0.0461466 1 2.30926e-13
10 26 0 0.944302 0.0556976 1 2.82219e-13
10 31 1 0
10 32 0 0.941427 0.0585735 1 2.97762e-13
10 49 0 0.954903 0.0450975 1 2.50688e-13
10 50 0 0.947494 0.0525062 1 1.06959e-12
10 53 0 0.954113 0.0458875 1 2.29594e-13
10 56 0 0.958046 0.0419539 1 2.13163e-13
10 57 0 0.954984 0.0450158 1 2.24265e-13
10 64 0 0.955887 0.0441126 1 2.27374e-13
10 72 0 0.960269 0.0397315 1 2.04725e-13
10 78 0 0.958845 0.0411546 1 2.09832e-13
10 84 1 0
10 89 0 0.950495 0.0495048 1 2.66454e-13
10 90 0 0.956223 0.0437769 1 2.21156e-13
10 91 0 0.955648 0.0443521 1 2.35811e-13
11 2 0 0.930825 0.0691748 3.94858e-07 1
11 3 0 0.96015 0.0398498 1 2.05613e-13
11 4 0 0.959979 0.0400215 1 2.0739e-13
11 6 0 0.953728 0.0462722 1 1.6312e-09
11 8 0 0.960242 0.0397578 1 2.04947e-13
11 10 0 0.960255 0.0397446 1 2.04725e-13
11 13 1 0
11 15 0 0.959819 0.0401807 1 2.09832e-13
11 19 0 0.959263 0.0407374 1 2.15827e-13
11 20 0 0.960203 0.0397972 1 2.05169e-13
11 21 0 0.958383 0.0416166 1 2.15161e-13
11 23 0 0.959766 0.0402339 1 2.10942e-13
11 25 0 0.960269 0.0397315 1 2.04725e-13
11 26 0 0.960229 0.0397709 1 2.04947e-13
11 31 0 0.960255 0.0397446 1 2.04725e-13
11 32 0 0.960133 0.0398666 1 2.05613e-13
11 49 1 0
11 50 0 0.960269 0.0397315 1 2.04725e-13
11 53 0 0.960269 0.0397315 1 2.04725e-13
11 56 0 0.960269 0.0397315 1 2.04725e-13
11 57 0 0.960229 0.0397709 1 2.04947e-13
11 64 0 0.960269 0.0397315 1 2.04725e-13
11 72 0 0.960242 0.0397578 1 2.04947e-13
11 78 0 0.960255 0.0397446 1 2.04725e-13
11 79 0 0.959846 0.0401541 1 2.09388e-13
11 84 0 0.960269 0.0397315 1 2.04725e-13
11 89 1 0
11 90 0 0.954612 0.0453883 1 2.60014e-13
11 91 0 0.960163 0.0398367 1 2.05391e-13
13 2 0 0.951359 0.0486413 1 3.40394e-13
13 3 0 0.955703 0.0442972 1 2.22933e-13
13 6 0 0.959971 0.0400286 1 2.0739e-13
13 10 0 0.424151 0.575849 1 5.55668e-09
13 11 0 0.960163 0.0398367 1 2.05391e-13
13 15 0 0.959536 0.0404637 1 2.0739e-13
13 19 0 0.949178 0.0508224 1 5.72209e-13
13 20 1 0
13 21 0 0.903613 0.0963868 1 9.14602e-13
13 25 0 0.952296 0.0477036 1 2.39586e-13
13 26 0 0.960229 0.0397709 1 2.04947e-13
13 31 0 0.95615 0.0438495 1 3.38174e-13
13 32 0 0.956095 0.0439046 1 2.23821e-13
13 49 0 0.959206 0.0407942 1 2.085e-13
13 50 0 0.958454 0.0415455 1 2.11386e-13
13 53 0 0.954626 0.0453741 1 2.27374e-13
13 56 0 0.960269 0.0397315 1 2.04725e-13
13 57 1 0
13 64 0 0.956453 0.0435472 1 3.33067e-13
13 72 0 0.958088 0.0419124 1 2.12941e-13
13 78 0 0.960163 0.0398367 1 2.05391e-13
13 79 0 0.957398 0.0426019 1 2.97984e-13
13 84 0 0.95733 0.0426696 1 2.15827e-13
13 89 0 0.943958 0.0560416 1 3.79896e-12
13 90 0 0.956925 0.0430745 1 2.17604e-13
13 91 0 0.960084 0.0399158 1 2.06057e-13
15 2 0 0.959228 0.0407723 1 2.10498e-13
15 3 1 0
15 4 0 0.955425 0.0445752 1 2.26485e-13
15 6 0 0.958276 0.0417241 1 2.12941e-13
15 8 0 0.960269 0.0397315 1 2.04725e-13
15 10 0 0.957513 0.0424868 1 2.16493e-13
15 11 0 0.959819 0.0401807 1 2.09832e-13
15 13 0 0.959536 0.0404637 1 2.0739e-13
15 19 0 0.959865 0.0401347 1 2.07612e-13
15 20 0 0.958088 0.0419124 1 2.12941e-13
15 21 0 0.954681 0.0453195 1 2.2915e-13
15 23 1 0
15 25 0 0.960242 0.0397578 1 2.04947e-13
15 26 0 0.959785 0.0402153 1 2.06946e-13
15 31 0 0.959891 0.0401092 1 2.06057e-13
15 32 0 0.959389 0.040611 1 2.085e-13
15 49 0 0.957581 0.0424191 1 2.19158e-13
15 50 0 0.958101 0.0418986 1 2.12719e-13
15 53 0 0.957718 0.0422824 1 2.14273e-13
15 56 0 0.959637 0.0403632 1 2.08278e-13
15 57 0 0.959536 0.0404637 1 2.0739e-13
15 64 1 0
15 72 0 0.960255 0.0397446 1 2.04725e-13
15 78 0 0.960269 0.0397315 1 2.04725e-13
15 79 0 0.956798 0.0432025 1 2.18714e-13
15 84 0 0.957745 0.0422545 1 2.14273e-13
15 89 0 0.959571 0.0404286 1 2.09388e-13
15 90 0 0.958281 0.041719 1 2.13607e-13
15 91 0 0.959878 0.0401224 1 2.06279e-13
19 2 0 0.959518 0.0404821 1 2.10276e-13
19 3 0 0.953132 0.0468677 1 2.33147e-13
19 4 1 0
19 6 0 0.959718 0.0402819 1 2.07612e-13
19 8 0 0.777921 0.222079 1 4.7423e-11
19 10 0 0.949939 0.0500614 1 2.50244e-13
19 11 0 0.959263 0.0407374 1 2.15827e-13
19 13 0 0.949178 0.0508224 1 5.72209e-13
19 15 0 0.959865 0.0401347 1 2.07612e-13
19 20 0 0.959113 0.0408872 1 2.09832e-13
19 21 0 0.95867 0.0413297 1 2.16493e-13
19 23 0 0.955256 0.0447436 1 2.26485e-13
19 25 1 0
19 26 0 0.960229 0.0397709 1 2.04947e-13
19 32 0 0.959267 0.0407327 1 2.07168e-13
19 49 0 0.955661 0.0443386 1 2.92211e-13
19 50 0 0.95951 0.0404904 1 2.07612e-13
19 53 0 0.959917 0.0400827 1 2.06057e-13
19 56 0 0.959904 0.0400959 1 2.06057e-13
19 57 0 0.958452 0.0415481 1 2.8999e-13
19 64 0 0.953729 0.0462705 1 4.3765e-13
19 72 0 0.920225 0.079775 1 9.21707e-13
19 78 1 0
19 79 0 0.956377 0.0436231 1 3.02203e-13
19 84 0 0.959917 0.0400827 1 2.06057e-13
19 89 0 0.947857 0.0521431 1 7.14611e-11
19 90 0 0.958088 0.0419124 1 2.12941e-13
19 91 0 0.958962 0.0410378 1 2.28706e-13
20 4 0 0.954237 0.0457629 1 3.62155e-13
20 8 0 0.957874 0.0421257 1 2.1938e-13
20 10 0 0.947772 0.0522278 1 1.27853e-12
20 11 0 0.960203 0.0397972 1 2.05169e-13
20 13 1 0
20 15 0 0.958088 0.0419124 1 2.12941e-13
20 19 0 0.959113 0.0408872 1 2.09832e-13
20 21 0 0.193276 0.806724 0 1
20 23 0 0.952773 0.0472271 1 2.75557e-13
20 25 0 0.957556 0.0424437 1 2.14939e-13
20 26 0 0.886918 0.113082 1 2.10796e-11
20 31 0 0.959625 0.0403752 1 2.08722e-13
20 32 0 0.880485 0.119515 1 4.61986e-12
20 49 0 0.95724 0.0427599 1 2.16716e-13
20 53 1 0
20 56 0 0.958832 0.0411682 1 2.10054e-13
20 57 0 0.886866 0.113134 1 4.3235e-09
20 64 0 0.958579 0.0414207 1 2.10276e-13
20 72 0 0.959192 0.0408077 1 2.08722e-13
20 78 0 0.96016 0.0398402 1 2.05391e-13
20 79 0 0.957982 0.0420182 1 2.22267e-13
20 84 0 0.80593 0.19407 1 4.89164e-12
20 89 0 0.932727 0.0672733 1 4.36984e-13
20 90 0 0.00160751 0.998392 0 1
20 91 1 0
21 2 0 0.0044309 0.995569 0 1
21 3 0 0.588535 0.411465 0.000779331 0.999221
21 4 0 0.954245 0.045755 1 3.95683e-13
21 6 0 0.055956 0.944044 0 1
21 8 0 0.949221 0.0507789 1 4.98046e-13
21 10 0 0.935841 0.0641587 1 9.64784e-13
21 11 0 0.958383 0.0416166 1 2.15161e-13
21 13 0 0.903613 0.0963868 1 9.14602e-13
21 15 0 0.954681 0.0453195 1 2.2915e-13
21 19 1 0
21 20 0 0.193276 0.806724 0 1
21 23 0 0.95111 0.0488904 1 2.65121e-13
21 25 0 0.95806 0.04194 1 2.13163e-13
21 26 0 0.286083 0.713917 0.999825 0.000174685
21 31 0 0.95853 0.0414695 1 2.62013e-13
21 32 0 0.956208 0.0437923 1 2.24043e-13
21 49 0 0.954844 0.045156 1 2.39586e-13
21 50 0 0.209636 0.790364 0.999997 3.22741e-06
21 56 0 0.95694 0.0430604 1 2.17604e-13
21 57 1 0
21 64 0 0.958068 0.0419318 1 2.12053e-13
21 72 0 0.958479 0.0415211 1 2.11609e-13
21 78 0 0.959811 0.0401888 1 2.06724e-13
21 79 0 0.957922 0.0420779 1 2.21823e-13
21 89 0 0.941353 0.0586472 1 5.98632e-13
21 90 0 0.00241634 0.997584 0 1
21 91 0 0.775705 0.224295 1 3.55207e-09
23 2 0 0.928138 0.0718624 1 2.31726e-12
23 3 0 0.958573 0.0414273 1 2.12275e-13
23 4 1 0
23 6 0 0.942099 0.0579015 1 3.04867e-13
23 8 0 0.819845 0.180155 0 1
23 10 0 0.357876 0.642124 1 2.47465e-08
23 11 0 0.959766 0.0402339 1 2.10942e-13
23 15 0 0.959389 0.040611 1 2.085e-13
23 19 0 0.955256 0.0447436 1 2.26485e-13
23 20 0 0.952773 0.0472271 1 2.75557e-13
23 21 0 0.95111 0.0488904 1 2.65121e-13
23 25 0 0.95875 0.0412498 1 2.10498e-13
23 26 1 0
23 31 0 0.957302 0.0426978 1 2.16049e-13
23 32 0 0.953125 0.0468752 1 2.35811e-13
23 49 0 0.959389 0.040611 1 2.085e-13
23 50 0 0.951155 0.0488447 1 2.44249e-13
23 53 0 0.956133 0.0438667 1 2.20934e-13
23 56 0 0.959878 0.0401224 1 2.06279e-13
23 57 0 0.95774 0.0422595 1 2.16493e-13
23 64 0 0.959009 0.0409906 1 2.09388e-13
23 72 0 0.953869 0.0461315 1 2.30704e-13
23 78 1 0
23 79 0 0.958483 0.0415168 1 2.13163e-13
23 84 0 0.959111 0.0408886 1 2.09166e-13
23 89 0 0.946562 0.0534381 1 2.85993e-13
23 90 0 0.956511 0.0434885 1 3.35509e-13
23 91 0 0.959349 0.0406512 1 2.08944e-13
25 2 0 0.957376 0.042624 1 2.23821e-13
25 3 0 0.949144 0.0508562 1 3.45279e-13
25 4 0 0.959125 0.0408751 1 2.09166e-13
25 6 0 0.95951 0.0404904 1 2.07612e-13
25 8 1 0
25 10 0 0.953853 0.0461466 1 2.30926e-13
25 11 0 0.960269 0.0397315 1 2.04725e-13
25 13 0 0.952296 0.0477036 1 2.39586e-13
25 15 0 0.960242 0.0397578 1 2.04947e-13
25 19 0 0.144683 0.855317 0.998972 0.00102837
25 20 0 0.957556 0.0424437 1 2.14939e-13
25 21 0 0.95806 0.04194 1 2.13163e-13
25 23 0 0.95875 0.0412498 1 2.10498e-13
25 26 0 0.960269 0.0397315 1 2.04725e-13
25 31 1 0
25 32 0 0.958148 0.0418515 1 2.11164e-13
25 49 0 0.960255 0.0397446 1 2.04725e-13
25 50 0 0.959152 0.0408482 1 2.08944e-13
25 53 0 0.960269 0.0397315 1 2.04725e-13
25 56 0 0.960269 0.0397315 1 2.04725e-13
25 57 0 0.959206 0.0407942 1 2.085e-13
25 64 0 0.958791 0.041209 1 2.10276e-13
25 72 0 0.593316 0.406684 1 3.57792e-10
25 78 0 0.273782 0.726218 0.993977 0.00602271
25 79 1 0
25 84 0 0.960255 0.0397446 1 2.04725e-13
25 89 0 0.959904 0.0400959 1 2.06057e-13
25 90 0 0.957779 0.042221 1 2.12719e-13
25 91 0 0.959904 0.0400959 1 2.06057e-13
26 2 0 0.443392 0.556608 0 1
26 3 0 0.436863 0.563137 0.999994 6.05169e-06
26 4 0 0.933578 0.0664223 1 3.58158e-13
26 6 0 0.311313 0.688687 0.00557493 0.994425
26 8 0 0.94831 0.0516901 1 2.58682e-13
26 10 1 0
26 11 0 0.960229 0.0397709 1 2.04947e-13
26 13 0 0.960229 0.0397709 1 2.04947e-13
26 15 0 0.959785 0.0402153 1 2.06946e-13
26 19 0 0.960229 0.0397709 1 2.04947e-13
26 20 0 0.886918 0.113082 1 2.10796e-11
26 21 0 0.286083 0.713917 0.999825 0.000174685
26 23 0 0.959798 0.0402021 1 2.06724e-13
26 25 0 0.960269 0.0397315 1 2.04725e-13
26 31 0 0.960255 0.0397446 1 2.04725e-13
26 32 1 0
26 49 0 0.959985 0.0400154 1 2.07168e-13
26 50 0 0.930564 0.0694357 1 3.81917e-13
26 53 0 0.960269 0.0397315 1 2.04725e-13
26 57 0 0.958845 0.0411546 1 2.09832e-13
26 64 0 0.960269 0.0397315 1 2.04725e-13
26 72 0 0.956918 0.0430816 1 3.3018e-13
26 78 0 0.960269 0.0397315 1 2.04725e-13
26 79 0 0.956554 0.0434465 1 2.23821e-13
26 84 0 0.951803 0.0481973 1 2.40474e-13
26 89 1 0
26 90 0 0.244979 0.755021 0.999985 1.45778e-05
26 91 0 0.953867 0.046133 1 3.49276e-13
31 2 0 0.9591 0.0408995 1 2.19602e-13
31 3 0 0.815525 0.184475 1.32099e-10 1
31 4 0 0.942815 0.0571847 1 6.20171e-13
31 6 0 0.959536 0.0404637 1 2.0739e-13
31 8 0 0.827056 0.172944 1 5.5882e-12
31 10 0 0.952129 0.0478712 1 2.39142e-13
31 11 0 0.960255 0.0397446 1 2.04725e-13
31 13 1 0
31 15 0 0.959891 0.0401092 1 2.06057e-13
31 20 0 0.959625 0.0403752 1 2.08722e-13
31 21 0 0.95853 0.0414695 1 2.62013e-13
31 23 0 0.957302 0.0426978 1 2.16049e-13
31 25 0 0.250328 0.749672 0.999495 0.000504506
31 26 0 0.960255 0.0397446 1 2.04725e-13
31 32 0 0.880165 0.119835 1 1.17468e-09
31 49 0 0.960216 0.039784 1 2.04947e-13
31 50 0 0.959496 0.0405038 1 2.07612e-13
31 53 1 0
31 56 0 0.960269 0.0397315 1 2.04725e-13
31 57 0 0.960045 0.0399554 1 2.06501e-13
31 64 0 0.938309 0.0616912 1 2.94217e-09
31 72 0 0.896541 0.103459 1 5.75873e-12
31 78 0 0.948487 0.0515127 1 4.35567e-11
31 79 0 0.957915 0.0420849 1 2.50688e-13
31 84 0 0.96019 0.0398103 1 2.05169e-13
31 89 0 0.942527 0.0574727 1 6.22835e-13
31 90 0 0.957168 0.042832 1 2.15383e-13
31 91 1 0
32 2 0 0.955862 0.044138 1 2.34257e-13
32 3 0 0.955939 0.0440613 1 2.35145e-13
32 4 0 0.95618 0.0438197 1 2.62013e-13
32 6 0 0.95812 0.0418797 1 2.32481e-13
32 8 0 0.959864 0.0401357 1 2.06279e-13
32 10 0 0.941427 0.0585735 1 2.97762e-13
32 11 0 0.960133 0.0398666 1 2.05613e-13
32 13 0 0.956095 0.0439046 1 2.23821e-13
32 15 0 0.959389 0.040611 1 2.085e-13
32 19 1 0
32 20 0 0.880485 0.119515 1 4.61986e-12
32 21 0 0.956208 0.0437923 1 2.24043e-13
32 23 0 0.953125 0.0468752 1 2.35811e-13
32 25 0 0.958148 0.0418515 1 2.11164e-13
32 26 0 0.959798 0.0402021 1 2.06724e-13
32 31 0 0.880165 0.119835 1 1.17468e-09
32 49 0 0.958183 0.0418169 1 2.18936e-13
32 50 0 0.959138 0.0408616 1 2.08944e-13
32 53 0 0.947188 0.0528122 1 2.63789e-13
32 56 1 0
32 64 0 0.956186 0.0438143 1 2.36478e-13
32 72 0 0.960269 0.0397315 1 2.04725e-13
32 78 0 0.960089 0.0399109 1 2.06724e-13
32 79 0 0.953233 0.0467666 1 3.69038e-13
32 84 0 0.959206 0.0407942 1 2.085e-13
32 89 0 0.953061 0.0469385 1 3.61933e-13
32 90 0 0.954754 0.0452462 1 2.44915e-13
32 91 0 0.950876 0.0491238 1 2.62235e-13
49 2 0 0.959746 0.0402542 1 2.10054e-13
49 3 1 0
49 4 0 0.954703 0.0452969 1 2.26263e-13
49 6 0 0.958682 0.041318 1 2.11164e-13
49 8 0 0.959904 0.0400959 1 2.06057e-13
49 10 0 0.954903 0.0450975 1 2.50688e-13
49 11 0 0.960163 0.0398367 1 2.05391e-13
49 13 0 0.959206 0.0407942 1 2.085e-13
49 15 0 0.957581 0.0424191 1 2.19158e-13
49 19 0 0.955661 0.0443386 1 2.92211e-13
49 20 0 0.95724 0.0427599 1 2.16716e-13
49 21 1 0
49 23 0 0.959389 0.040611 1 2.085e-13
49 25 0 0.960255 0.0397446 1 2.04725e-13
49 26 0 0.959985 0.0400154 1 2.07168e-13
49 31 0 0.960216 0.039784 1 2.04947e-13
49 32 0 0.958183 0.0418169 1 2.18936e-13
49 50 0 0.957677 0.0423225 1 2.14939e-13
49 53 0 0.959422 0.040578 1 2.07834e-13
49 56 0 0.916579 0.0834211 1 5.21805e-13
49 57 0 0.958024 0.0419764 1 2.15827e-13
49 64 1 0
49 72 0 0.960255 0.0397446 1 2.04725e-13
49 78 0 0.960255 0.0397446 1 2.04725e-13
49 79 0 0.216101 0.783899 3.59007e-09 1
49 84 0 0.960269 0.0397315 1 2.04725e-13
49 89 0 0.956094 0.0439056 1 2.19602e-13
49 90 0 0.958414 0.0415864 1 2.11609e-13
49 91 0 0.012603 0.987397 0 1
50 2 0 0.08058 0.91942 0.987543 0.0124573
50 3 0 0.785603 0.214397 0 1
50 4 1 0
50 6 0 0.03797 0.96203 0 1
50 8 0 0.960242 0.0397578 1 2.04947e-13
50 10 0 0.947494 0.0525062 1 1.06959e-12
50 11 0 0.960269 0.0397315 1 2.04725e-13
50 13 0 0.958454 0.0415455 1 2.11386e-13
50 15 0 0.958101 0.0418986 1 2.12719e-13
50 19 0 0.95951 0.0404904 1 2.07612e-13
50 20 0 0.12168 0.87832 0 1
50 21 0 0.209636 0.790364 0.999997 3.22741e-06
50 23 1 0
50 25 0 0.959152 0.0408482 1 2.08944e-13
50 26 0 0.930564 0.0694357 1 3.81917e-13
50 31 0 0.959496 0.0405038 1 2.07612e-13
50 32 0 0.959138 0.0408616 1 2.08944e-13
50 49 0 0.957677 0.0423225 1 2.14939e-13
50 53 0 0.958845 0.0411546 1 2.09832e-13
50 56 0 0.958482 0.0415181 1 2.11386e-13
50 57 0 0.959496 0.0405038 1 2.07612e-13
50 64 0 0.95951 0.0404904 1 2.07612e-13
50 72 1 0
50 78 0 0.960216 0.039784 1 2.04947e-13
50 79 0 0.957745 0.0422545 1 2.14273e-13
50 84 0 0.507618 0.492382 1 1.04905e-09
50 89 0 0.948748 0.0512517 1 2.57794e-13
50 90 0 0.84601 0.15399 1 2.44826e-12
50 91 0 0.94772 0.0522799 1 2.62013e-13
53 2 0 0.955699 0.0443011 1 2.22933e-13
53 3 0 0.958547 0.0414526 1 2.11164e-13
53 4 0 0.955298 0.0447024 1 2.24931e-13
53 6 1 0
53 8 0 0.95955 0.0404503 1 2.0739e-13
53 10 0 0.954113 0.0458875 1 2.29594e-13
53 11 0 0.960269 0.0397315 1 2.04725e-13
53 13 0 0.954626 0.0453741 1 2.27374e-13
53 15 0 0.957718 0.0422824 1 2.14273e-13
53 19 0 0.959917 0.0400827 1 2.06057e-13
53 20 0 0.955453 0.0445469 1 2.26485e-13
53 23 0 0.956133 0.0438667 1 2.20934e-13
53 25 0 0.960269 0.0397315 1 2.04725e-13
53 26 1 0
53 31 0 0.960269 0.0397315 1 2.04725e-13
53 32 0 0.947188 0.0528122 1 2.63789e-13
53 49 0 0.959422 0.040578 1 2.07834e-13
53 50 0 0.958845 0.0411546 1 2.09832e-13
53 56 0 0.959563 0.0404369 1 2.07168e-13
53 57 0 0.95137 0.0486296 1 2.40696e-13
53 64 0 0.959764 0.0402359 1 2.06501e-13
53 72 0 0.960269 0.0397315 1 2.04725e-13
53 78 0 0.960269 0.0397315 1 2.04725e-13
53 79 1 0
53 89 0 0.959891 0.0401092 1 2.06057e-13
53 90 0 0.957288 0.0427119 1 2.16271e-13
53 91 0 0.959206 0.0407942 1 2.085e-13
56 2 0 0.95847 0.0415305 1 2.13163e-13
56 3 0 0.957718 0.0422824 1 2.14273e-13
56 4 0 0.958482 0.0415181 1 2.11386e-13
56 6 0 0.958441 0.0415592 1 2.11609e-13
56 8 0 0.960269 0.0397315 1 2.04725e-13
56 10 0 0.958046 0.0419539 1 2.13163e-13
56 11 1 0
56 13 0 0.960269 0.0397315 1 2.04725e-13
56 15 0 0.959637 0.0403632 1 2.08278e-13
56 19 0 0.959904 0.0400959 1 2.06057e-13
56 20 0 0.958832 0.0411682 1 2.10054e-13
56 21 0 0.95694 0.0430604 1 2.17604e-13
56 23 0 0.959878 0.0401224 1 2.06279e-13
56 31 0 0.960269 0.0397315 1 2.04725e-13
56 32 0 0.959563 0.0404369 1 2.07168e-13
56 49 0 0.916579 0.0834211 1 5.21805e-13
56 50 1 0
56 53 0 0.959563 0.0404369 1 2.07168e-13
56 57 0 0.959206 0.0407942 1 2.085e-13
56 64 0 0.955717 0.0442826 1 2.22933e-13
56 72 0 0.960269 0.0397315 1 2.04725e-13
56 78 0 0.959917 0.0400827 1 2.06057e-13
56 79 0 0.9111 0.0888998 1 5.90417e-13
56 84 0 0.957745 0.0422545 1 2.14273e-13
56 89 0 0.95955 0.0404503 1 2.0739e-13
56 90 0 0.958101 0.0418986 1 2.12719e-13
56 91 1 0
57 2 0 0.958231 0.0417692 1 2.13163e-13
57 3 0 0.956277 0.0437228 1 2.20046e-13
57 4 0 0.957628 0.0423716 1 4.98712e-13
57 6 0 0.955386 0.0446142 1 2.24043e-13
57 8 0 0.960229 0.0397709 1 2.04947e-13
57 10 0 0.954984 0.0450158 1 2.24265e-13
57 11 0 0.960229 0.0397709 1 2.04947e-13
57 13 0 0.956692 0.0433078 1 2.25153e-13
57 19 0 0.958452 0.0415481 1 2.8999e-13
57 20 1 0
57 21 0 0.952046 0.0479544 1 2.48912e-13
57 23 0 0.95774 0.0422595 1 2.16493e-13
57 25 0 0.959206 0.0407942 1 2.085e-13
57 26 0 0.958845 0.0411546 1 2.09832e-13
57 31 0 0.960045 0.0399554 1 2.06501e-13
57 49 0 0.958024 0.0419764 1 2.15827e-13
57 50 0 0.959496 0.0405038 1 2.07612e-13
57 53 0 0.95137 0.0486296 1 2.40696e-13
57 56 0 0.959206 0.0407942 1 2.085e-13
57 64 1 0
57 72 0 0.960203 0.0397972 1 2.05169e-13
57 78 0 0.960269 0.0397315 1 2.04725e-13
57 79 0 0.956604 0.0433964 1 3.04201e-13
57 84 0 0.958515 0.0414852 1 2.09832e-13
57 89 0 0.957616 0.0423839 1 2.14939e-13
57 90 0 0.954215 0.0457848 1 2.33591e-13
57 91 0 0.956559 0.0434409 1 2.22045e-13
64 2 0 0.95718 0.0428204 1 2.22489e-13
64 3 0 0.913185 0.086815 1 2.12252e-11
64 4 1 0
64 6 0 0.95762 0.0423801 1 2.15161e-13
64 8 0 0.959891 0.0401092 1 2.06057e-13
64 10 0 0.955887 0.0441126 1 2.27374e-13
64 11 0 0.960269 0.0397315 1 2.04725e-13
64 13 0 0.956453 0.0435472 1 3.33067e-13
64 15 0 0.954948 0.0450518 1 2.26263e-13
64 19 0 0.953729 0.0462705 1 4.3765e-13
64 20 0 0.958579 0.0414207 1 2.10276e-13
64 21 0 0.958068 0.0419318 1 2.12053e-13
64 23 1 0
64 25 0 0.958791 0.041209 1 2.10276e-13
64 26 0 0.960269 0.0397315 1 2.04725e-13
64 31 0 0.938309 0.0616912 1 2.94217e-09
64 32 0 0.956186 0.0438143 1 2.36478e-13
64 50 0 0.95951 0.0404904 1 2.07612e-13
64 53 0 0.959764 0.0402359 1 2.06501e-13
64 56 0 0.955717 0.0442826 1 2.22933e-13
64 57 0 0.956687 0.0433129 1 2.32769e-12
64 72 0 0.959904 0.0400959 1 2.06057e-13
64 78 1 0
64 79 0 0.910983 0.0890167 1 1.75147e-09
64 84 0 0.960269 0.0397315 1 2.04725e-13
64 89 0 0.954525 0.0454754 1 2.85771e-13
64 90 0 0.956252 0.0437482 1 2.20268e-13
64 91 0 0.425365 0.574635 1.23719e-08 1
72 2 0 0.957817 0.0421834 1 2.15383e-13
72 3 0 0.949765 0.0502351 1 1.19183e-09
72 4 0 0.958372 0.0416279 1 2.12053e-13
72 6 0 0.959878 0.0401224 1 2.06279e-13
72 8 1 0
72 10 0 0.960269 0.0397315 1 2.04725e-13
72 11 0 0.960242 0.0397578 1 2.04947e-13
72 13 0 0.958088 0.0419124 1 2.12941e-13
72 15 0 0.960255 0.0397446 1 2.04725e-13
72 19 0 0.920225 0.079775 1 9.21707e-13
72 20 0 0.959192 0.0408077 1 2.08722e-13
72 21 0 0.958479 0.0415211 1 2.11609e-13
72 23 0 0.953869 0.0461315 1 2.30704e-13
72 25 0 0.593316 0.406684 1 3.57792e-10
72 26 1 0
72 31 0 0.896541 0.103459 1 5.75873e-12
72 32 0 0.960269 0.0397315 1 2.04725e-13
72 49 0 0.960255 0.0397446 1 2.04725e-13
72 50 0 0.959496 0.0405038 1 2.07612e-13
72 53 0 0.960269 0.0397315 1 2.04725e-13
72 56 0 0.960269 0.0397315 1 2.04725e-13
72 57 0 0.960203 0.0397972 1 2.05169e-13
72 64 0 0.959904 0.0400959 1 2.06057e-13
72 78 0 0.882832 0.117168 1 3.78453e-12
72 79 1 0
72 84 0 0.960255 0.0397446 1 2.04725e-13
72 89 0 0.960242 0.0397578 1 2.04947e-13
72 90 0 0.959523 0.040477 1 2.0739e-13
72 91 0 0.836314 0.163686 0 1
78 2 0 0.959962 0.0400383 1 2.07168e-13
78 3 0 0.956404 0.0435962 1 2.21601e-13
78 4 0 0.959469 0.0405305 1 2.07834e-13
78 6 0 0.960147 0.0398534 1 2.05391e-13
78 8 0 0.948169 0.0518313 1 7.42739e-13
78 10 1 0
78 11 0 0.960255 0.0397446 1 2.04725e-13
78 13 0 0.960163 0.0398367 1 2.05391e-13
78 15 0 0.960269 0.0397315 1 2.04725e-13
78 19 0 0.906263 0.0937367 1 4.61813e-11
78 20 0 0.96016 0.0398402 1 2.05391e-13
78 21 0 0.959811 0.0401888 1 2.06724e-13
78 23 0 0.960242 0.0397578 1 2.04947e-13
78 25 0 0.273782 0.726218 0.993977 0.00602271
78 26 0 0.960269 0.0397315 1 2.04725e-13
78 31 1 0
78 32 0 0.960089 0.0399109 1 2.06724e-13
78 49 0 0.960255 0.0397446 1 2.04725e-13
78 50 0 0.960216 0.039784 1 2.04947e-13
78 53 0 0.960269 0.0397315 1 2.04725e-13
78 56 0 0.959917 0.0400827 1 2.06057e-13
78 57 0 0.960269 0.0397315 1 2.04725e-13
78 64 0 0.960117 0.0398831 1 2.04059e-13
78 72 0 0.882832 0.117168 1 3.78453e-12
78 79 0 0.959838 0.0401622 1 2.06501e-13
78 84 1 0
78 89 0 0.952051 0.0479493 0.999857 0.000143311
78 90 0 0.959536 0.0404637 1 2.0739e-13
78 91 0 0.960269 0.0397315 1 2.04725e-13
79 2 0 0.95836 0.0416398 1 2.4003e-13
79 3 0 0.958769 0.0412308 1 2.09166e-13
79 6 0 0.956676 0.0433242 1 2.20046e-13
79 8 0 0.958589 0.0414109 1 2.13385e-13
79 10 0 0.949477 0.0505227 1 2.56462e-13
79 11 0 0.959846 0.0401541 1 2.09388e-13
79 13 1 0
79 15 0 0.956798 0.0432025 1 2.18714e-13
79 19 0 0.956377 0.0436231 1 3.02203e-13
79 20 0 0.957982 0.0420182 1 2.22267e-13
79 21 0 0.957922 0.0420779 1 2.21823e-13
79 23 0 0.958483 0.0415168 1 2.13163e-13
79 25 0 0.960255 0.0397446 1 2.04725e-13
79 26 0 0.956554 0.0434465 1 2.23821e-13
79 31 0 0.957915 0.0420849 1 2.50688e-13
79 32 0 0.953233 0.0467666 1 3.69038e-13
79 49 1 0
79 50 0 0.957745 0.0422545 1 2.14273e-13
79 53 0 0.960255 0.0397446 1 2.04725e-13
79 56 0 0.9111 0.0888998 1 5.90417e-13
79 57 0 0.956604 0.0433964 1 3.04201e-13
79 64 0 0.910983 0.0890167 1 1.75147e-09
79 72 0 0.960269 0.0397315 1 2.04725e-13
79 78 0 0.959838 0.0401622 1 2.06501e-13
79 84 0 0.960269 0.0397315 1 2.04725e-13
79 89 0 0.951433 0.048567 1 1.19356e-11
79 90 1 0
79 91 0 0.956706 0.0432939 1 2.24265e-13
84 2 0 0.785131 0.214869 1 1.65422e-10
84 4 0 0.957373 0.0426275 1 2.15605e-13
84 6 0 0.838682 0.161318 1 8.06921e-11
84 8 0 0.959917 0.0400827 1 2.06057e-13
84 10 0 0.955829 0.0441712 1 2.24487e-13
84 11 0 0.960269 0.0397315 1 2.04725e-13
84 13 0 0.95733 0.0426696 1 2.15827e-13
84 15 0 0.957745 0.0422545 1 2.14273e-13
84 19 1 0
84 20 0 0.80593 0.19407 1 4.89164e-12
84 23 0 0.959111 0.0408886 1 2.09166e-13
84 25 0 0.960255 0.0397446 1 2.04725e-13
84 26 0 0.951803 0.0481973 1 2.40474e-13
84 31 0 0.96019 0.0398103 1 2.05169e-13
84 32 0 0.959206 0.0407942 1 2.085e-13
84 49 0 0.960269 0.0397315 1 2.04725e-13
84 50 0 0.507618 0.492382 1 1.04905e-09
84 56 0 0.957745 0.0422545 1 2.14273e-13
84 57 1 0
84 64 0 0.960269 0.0397315 1 2.04725e-13
84 72 0 0.960255 0.0397446 1 2.04725e-13
84 78 0 0.960111 0.0398894 1 2.05835e-13
84 79 0 0.960269 0.0397315 1 2.04725e-13
84 89 0 0.955834 0.0441662 1 2.22045e-13
84 90 0 0.907412 0.0925881 1 1.10645e-12
84 91 0 0.952976 0.0470244 1 2.34923e-13
89 2 0 0.946619 0.0533813 1 3.03757e-13
89 3 0 0.9514 0.0486 1 4.2788e-13
89 4 1 0
89 6 0 0.955285 0.0447151 1 2.70006e-13
89 8 0 0.957465 0.0425347 1 2.13829e-13
89 10 0 0.950495 0.0495048 1 2.66454e-13
89 11 0 0.959912 0.0400877 1 2.08278e-13
89 13 0 0.943958 0.0560416 1 3.79896e-12
89 15 0 0.959571 0.0404286 1 2.09388e-13
89 19 0 0.947857 0.0521431 1 7.14611e-11
89 20 0 0.932727 0.0672733 1 4.36984e-13
89 21 0 0.941353 0.0586472 1 5.98632e-13
89 23 1 0
89 25 0 0.959904 0.0400959 1 2.06057e-13
89 26 0 0.952951 0.047049 1 2.37366e-13
89 31 0 0.942527 0.0574727 1 6.22835e-13
89 32 0 0.953061 0.0469385 1 3.61933e-13
89 49 0 0.956094 0.0439056 1 2.19602e-13
89 50 0 0.948748 0.0512517 1 2.57794e-13
89 53 0 0.959891 0.0401092 1 2.06057e-13
89 56 0 0.95955 0.0404503 1 2.0739e-13
89 57 0 0.957616 0.0423839 1 2.14939e-13
89 64 1 0
89 72 0 0.960242 0.0397578 1 2.04947e-13
89 84 0 0.955834 0.0441662 1 2.22045e-13
89 90 0 0.909297 0.0907027 1 3.70703e-12
89 91 0 0.630695 0.369305 0 1
90 2 0 1.14509e-05 0.999989 0 1
90 3 0 0.191317 0.808683 0 1
90 4 0 0.958559 0.0414415 1 2.0961e-13
90 6 0 0.00322414 0.996776 0 1
90 8 0 0.845868 0.154132 1 5.71276e-12
90 10 1 0
90 11 0 0.954612 0.0453883 1 2.60014e-13
90 13 0 0.956925 0.0430745 1 2.17604e-13
90 15 0 0.958281 0.041719 1 2.13607e-13
90 19 0 0.958088 0.0419124 1 2.12941e-13
90 20 0 0.00160751 0.998392 0 1
90 21 0 0.00241634 0.997584 0 1
90 23 0 0.956511 0.0434885 1 3.35509e-13
90 25 0 0.957779 0.042221 1 2.12719e-13
90 26 0 0.244979 0.755021 0.999985 1.45778e-05
90 31 1 0
90 32 0 0.954754 0.0452462 1 2.44915e-13
90 49 0 0.958414 0.0415864 1 2.11609e-13
90 50 0 0.84601 0.15399 1 2.44826e-12
90 53 0 0.957288 0.0427119 1 2.16271e-13
90 56 0 0.958101 0.0418986 1 2.12719e-13
90 57 0 0.954215 0.0457848 1 2.33591e-13
90 64 0 0.956252 0.0437482 1 2.20268e-13
90 72 0 0.959523 0.040477 1 2.0739e-13
90 78 0 0.959536 0.0404637 1 2.0739e-13
90 79 1 0
90 84 0 0.907412 0.0925881 1 1.10645e-12
90 89 0 0.909297 0.0907027 1 3.70703e-12
91 2 0 0.880124 0.119876 1 1.1608e-11
91 3 0 0.828783 0.171217 1 3.9561e-07
91 4 0 0.886519 0.113481 0.999932 6.777e-05
91 6 0 0.927348 0.0726516 1 4.79172e-13
91 8 0 0.959931 0.0400688 1 2.05169e-13
91 10 0 0.955648 0.0443521 1 2.35811e-13
91 11 0 0.960163 0.0398367 1 2.05391e-13
91 13 1 0
91 15 0 0.959878 0.0401224 1 2.06279e-13
91 19 0 0.958962 0.0410378 1 2.28706e-13
91 20 0 0.901132 0.0988678 1 9.29257e-13
91 21 0 0.775705 0.224295 1 3.55207e-09
91 23 0 0.959349 0.0406512 1 2.08944e-13
91 25 0 0.959904 0.0400959 1 2.06057e-13
91 26 0 0.953867 0.046133 1 3.49276e-13
91 31 0 0.9594 0.0405996 1 2.06724e-13
91 32 0 0.950876 0.0491238 1 2.62235e-13
91 49 1 0
91 50 0 0.94772 0.0522799 1 2.62013e-13
91 53 0 0.959206 0.0407942 1 2.085e-13
91 56 0 0.955805 0.0441952 1 2.22267e-13
91 57 0 0.956559 0.0434409 1 2.22045e-13
91 64 0 0.425365 0.574635 1.23719e-08 1
91 72 0 0.836314 0.163686 0 1
91 78 0 0.960269 0.0397315 1 2.04725e-13
91 79 0 0.956706 0.0432939 1 2.24265e-13
91 84 0 0.952976 0.0470244 1 2.34923e-13
91 89 1 0
91 90 0 0.373641 0.626359 0.999943 5.72375e-05
